// gls
0.000627105878997 0.005661944252588 0.003277120178891 0.011866064541119
0.000150078598177 0.001430307238625 0.000782615768908 0.002922237700472
0.000037121040773 0.000357678816906 0.000193451143626 0.000729963142374
0.000009254070356 0.000089440693989 0.000048212999646 0.000182470417807
0.000002311668569 0.000022361527842 0.000012042096516 0.000045616572181
0.000000577774844 0.000005590467740 0.000003009611812 0.000011404081742
0.000000144431642 0.000001397622410 0.000000752323055 0.000002851016823
0.000000036106809 0.000000349405979 0.000000188073824 0.000000712754414
0.000000009026604 0.000000087351377 0.000000047017922 0.000000178188224













