#1/time    p-CR              gradu-CR          p-euler           gradu-euler
4          0.047196447514679 0.002625773531160 0.143010826621933 0.014982143833467
8          0.021496117627089 0.000658070525621 0.071298906429170 0.007360498019300
16         0.010495278734118 0.000215461449951 0.035575441521061 0.003648824942870
32         0.005219558831947 0.000089228621128 0.017762518783120 0.001817204628042
64         0.002607055871390 0.000042006151730 0.008873158386089 0.000907038424163
128        0.001303356407381 0.000020668492938 0.004434286057703 0.000453116322653



