0.000000000058613 0.000000066620039 0.000000000962075 0.000000063919065
0.000000000044315 0.000000134224203 0.000000001003459 0.000000126042991
0.000000000002518 0.000000007247224 0.000000000038335 0.000000014357151
0.000000000000979 0.000000004435895 0.000000000012624 0.000000018707436
0.000000000000223 0.000000005508932 0.000000000003234 0.000000013965152







<hmean>            0.000892158789262 0.020726529707456 0.005303352582888 0.047405415843430
<hmean>            0.000213178973667 0.004825741664781 0.001264861819247 0.010852140117431
<hmean>            0.000052879006694 0.001235332476794 0.000313219298789 0.002694868941773
<hmean>            0.000013186799988 0.001235643675017 0.000078116267481 0.002068651130578
<hmean>            0.000003381475185 0.083528197954511 0.000029875985459 0.070043449489880

