1e-08 79.8377401286 79.8996301102 0.125133685266 1285.05568055 0 0 0.0161805043528 21.2844414029 
2e-08 73.6564213784 73.7408117551 0.125328531174 1196.9358228 0 0 0.0161621385785 21.212577969 
3e-08 69.8724558202 69.9577558533 0.125450971644 1080.1478919 0 0 0.0161512277652 21.0229123557 
4e-08 66.8486079522 66.9244114246 0.125564625273 1016.83185491 0 0 0.0161411733315 20.9073167632 
5e-08 64.226992654 64.2903908131 0.125675106152 969.401487877 0 0 0.0161315566138 20.807088966 
6e-08 61.9725453925 62.0267345673 0.125782262245 930.854228426 0 0 0.0161223055352 20.7133655802 
7e-08 60.0272636296 60.0750453275 0.12588637303 899.054557408 0 0 0.0161133484563 20.6242188947 
8e-08 58.337192644 58.3806108508 0.12598780071 872.269405989 0 0 0.0161046319971 20.538367093 
9e-08 56.860035484 56.9007127658 0.126086836208 849.237915697 0 0 0.016096118379 20.4549583947 
1e-07 55.5623458241 55.6016163804 0.12618371304 829.088526818 0 0 0.0160877800121 20.3734783091 
1e-08 79.8377401286 79.8996301102 0.125133685266 1285.05568055 0 0 0.0161805043528 21.2844414029 
2e-08 73.6564213784 73.7408117551 0.125328531174 1196.9358228 0 0 0.0161621385785 21.212577969 
3e-08 69.8724558202 69.9577558533 0.125450971644 1080.1478919 0 0 0.0161512277652 21.0229123557 
4e-08 66.8486079522 66.9244114246 0.125564625273 1016.83185491 0 0 0.0161411733315 20.9073167632 
5e-08 64.226992654 64.2903908131 0.125675106152 969.401487877 0 0 0.0161315566138 20.807088966 
6e-08 61.9725453925 62.0267345673 0.125782262245 930.854228426 0 0 0.0161223055352 20.7133655802 
7e-08 60.0272636296 60.0750453275 0.12588637303 899.054557408 0 0 0.0161133484563 20.6242188947 
8e-08 58.337192644 58.3806108508 0.12598780071 872.269405989 0 0 0.0161046319971 20.538367093 
9e-08 56.860035484 56.9007127658 0.126086836208 849.237915697 0 0 0.016096118379 20.4549583947 
1e-07 55.5623458241 55.6016163804 0.12618371304 829.088526818 0 0 0.0160877800121 20.3734783091 
1e-08 79.8377401286 79.8996301102 0.125133685266 1285.05568055 0 0 0.0161805043528 21.2844414029 
2e-08 73.6564213784 73.7408117551 0.125328531174 1196.9358228 0 0 0.0161621385785 21.212577969 
3e-08 69.8724558202 69.9577558533 0.125450971644 1080.1478919 0 0 0.0161512277652 21.0229123557 
4e-08 66.8486079522 66.9244114246 0.125564625273 1016.83185491 0 0 0.0161411733315 20.9073167632 
5e-08 64.226992654 64.2903908131 0.125675106152 969.401487877 0 0 0.0161315566138 20.807088966 
6e-08 61.9725453925 62.0267345673 0.125782262245 930.854228426 0 0 0.0161223055352 20.7133655802 
7e-08 60.0272636296 60.0750453275 0.12588637303 899.054557408 0 0 0.0161133484563 20.6242188947 
8e-08 58.337192644 58.3806108508 0.12598780071 872.269405989 0 0 0.0161046319971 20.538367093 
9e-08 56.860035484 56.9007127658 0.126086836208 849.237915697 0 0 0.016096118379 20.4549583947 
1e-07 55.5623458241 55.6016163804 0.12618371304 829.088526818 0 0 0.0160877800121 20.3734783091 
1e-08 79.8377401286 79.8996301102 0.125133685266 1285.05568055 0 0 0.0161805043528 21.2844414029 
2e-08 73.6564213784 73.7408117551 0.125328531174 1196.9358228 0 0 0.0161621385785 21.212577969 
3e-08 69.8724558202 69.9577558533 0.125450971644 1080.1478919 0 0 0.0161512277652 21.0229123557 
4e-08 66.8486079522 66.9244114246 0.125564625273 1016.83185491 0 0 0.0161411733315 20.9073167632 
5e-08 64.226992654 64.2903908131 0.125675106152 969.401487877 0 0 0.0161315566138 20.807088966 
6e-08 61.9725453925 62.0267345673 0.125782262245 930.854228426 0 0 0.0161223055352 20.7133655802 
7e-08 60.0272636296 60.0750453275 0.12588637303 899.054557408 0 0 0.0161133484563 20.6242188947 
8e-08 58.337192644 58.3806108508 0.12598780071 872.269405989 0 0 0.0161046319971 20.538367093 
9e-08 56.860035484 56.9007127658 0.126086836208 849.237915697 0 0 0.016096118379 20.4549583947 
1e-07 55.5623458241 55.6016163804 0.12618371304 829.088526818 0 0 0.0160877800121 20.3734783091 
1e-08 79.8377401286 79.8996301102 0.125133685266 1285.05568055 0 0 0.0161805043528 21.2844414029 
2e-08 73.6564213784 73.7408117551 0.125328531174 1196.9358228 0 0 0.0161621385785 21.212577969 
3e-08 69.8724558202 69.9577558533 0.125450971644 1080.1478919 0 0 0.0161512277652 21.0229123557 
4e-08 66.8486079522 66.9244114246 0.125564625273 1016.83185491 0 0 0.0161411733315 20.9073167632 
5e-08 64.226992654 64.2903908131 0.125675106152 969.401487877 0 0 0.0161315566138 20.807088966 
6e-08 61.9725453925 62.0267345673 0.125782262245 930.854228426 0 0 0.0161223055352 20.7133655802 
7e-08 60.0272636296 60.0750453275 0.12588637303 899.054557408 0 0 0.0161133484563 20.6242188947 
8e-08 58.337192644 58.3806108508 0.12598780071 872.269405989 0 0 0.0161046319971 20.538367093 
9e-08 56.860035484 56.9007127658 0.126086836208 849.237915697 0 0 0.016096118379 20.4549583947 
1e-07 55.5623458241 55.6016163804 0.12618371304 829.088526818 0 0 0.0160877800121 20.3734783091 
1e-08 79.8377401286 79.8996301102 0.125133685266 1285.05568055 0 0 0.0161805043528 21.2844414029 
2e-08 73.6564213784 73.7408117551 0.125328531174 1196.9358228 0 0 0.0161621385785 21.212577969 
3e-08 69.8724558202 69.9577558533 0.125450971644 1080.1478919 0 0 0.0161512277652 21.0229123557 
4e-08 66.8486079522 66.9244114246 0.125564625273 1016.83185491 0 0 0.0161411733315 20.9073167632 
5e-08 64.226992654 64.2903908131 0.125675106152 969.401487877 0 0 0.0161315566138 20.807088966 
6e-08 61.9725453925 62.0267345673 0.125782262245 930.854228426 0 0 0.0161223055352 20.7133655802 
7e-08 60.0272636296 60.0750453275 0.12588637303 899.054557408 0 0 0.0161133484563 20.6242188947 
8e-08 58.337192644 58.3806108508 0.12598780071 872.269405989 0 0 0.0161046319971 20.538367093 
9e-08 56.860035484 56.9007127658 0.126086836208 849.237915697 0 0 0.016096118379 20.4549583947 
1e-07 55.5623458241 55.6016163804 0.12618371304 829.088526818 0 0 0.0160877800121 20.3734783091 
1e-08 79.8377401286 79.8996301102 0.125133685266 1285.05568055 0 0 0.0161805043528 21.2844414029 
2e-08 73.6564213784 73.7408117551 0.125328531174 1196.9358228 0 0 0.0161621385785 21.212577969 
3e-08 69.8724558202 69.9577558533 0.125450971644 1080.1478919 0 0 0.0161512277652 21.0229123557 
4e-08 66.8486079522 66.9244114246 0.125564625273 1016.83185491 0 0 0.0161411733315 20.9073167632 
5e-08 64.226992654 64.2903908131 0.125675106152 969.401487877 0 0 0.0161315566138 20.807088966 
6e-08 61.9725453925 62.0267345673 0.125782262245 930.854228426 0 0 0.0161223055352 20.7133655802 
7e-08 60.0272636296 60.0750453275 0.12588637303 899.054557408 0 0 0.0161133484563 20.6242188947 
8e-08 58.337192644 58.3806108508 0.12598780071 872.269405989 0 0 0.0161046319971 20.538367093 
9e-08 56.860035484 56.9007127658 0.126086836208 849.237915697 0 0 0.016096118379 20.4549583947 
1e-07 55.5623458241 55.6016163804 0.12618371304 829.088526818 0 0 0.0160877800121 20.3734783091 
1e-08 79.8377401286 79.8996301102 0.125133685266 1285.05568055 0 0 0.0161805043528 21.2844414029 
2e-08 73.6564213784 73.7408117551 0.125328531174 1196.9358228 0 0 0.0161621385785 21.212577969 
3e-08 69.8724558202 69.9577558533 0.125450971644 1080.1478919 0 0 0.0161512277652 21.0229123557 
4e-08 66.8486079522 66.9244114246 0.125564625273 1016.83185491 0 0 0.0161411733315 20.9073167632 
5e-08 64.226992654 64.2903908131 0.125675106152 969.401487877 0 0 0.0161315566138 20.807088966 
6e-08 61.9725453925 62.0267345673 0.125782262245 930.854228426 0 0 0.0161223055352 20.7133655802 
7e-08 60.0272636296 60.0750453275 0.12588637303 899.054557408 0 0 0.0161133484563 20.6242188947 
8e-08 58.337192644 58.3806108508 0.12598780071 872.269405989 0 0 0.0161046319971 20.538367093 
9e-08 56.860035484 56.9007127658 0.126086836208 849.237915697 0 0 0.016096118379 20.4549583947 
1e-07 55.5623458241 55.6016163804 0.12618371304 829.088526818 0 0 0.0160877800121 20.3734783091 
1e-08 79.8377401286 79.8996301102 0.125133685266 1285.05568055 0 0 0.0161805043528 21.2844414029 
2e-08 73.6564213784 73.7408117551 0.125328531174 1196.9358228 0 0 0.0161621385785 21.212577969 
3e-08 69.8724558202 69.9577558533 0.125450971644 1080.1478919 0 0 0.0161512277652 21.0229123557 
4e-08 66.8486079522 66.9244114246 0.125564625273 1016.83185491 0 0 0.0161411733315 20.9073167632 
5e-08 64.226992654 64.2903908131 0.125675106152 969.401487877 0 0 0.0161315566138 20.807088966 
6e-08 61.9725453925 62.0267345673 0.125782262245 930.854228426 0 0 0.0161223055352 20.7133655802 
7e-08 60.0272636296 60.0750453275 0.12588637303 899.054557408 0 0 0.0161133484563 20.6242188947 
8e-08 58.337192644 58.3806108508 0.12598780071 872.269405989 0 0 0.0161046319971 20.538367093 
9e-08 56.860035484 56.9007127658 0.126086836208 849.237915697 0 0 0.016096118379 20.4549583947 
1e-07 55.5623458241 55.6016163804 0.12618371304 829.088526818 0 0 0.0160877800121 20.3734783091 
