# hmean            u_L2_norm         p_L2_norm         grad_u_L2_norm    grad_p_L2_norm   u_inf            p_inf
0.411242203658415 0.026078839153268 0.301644670805244 0.224957929217513 3.520270883098012 0.097510714978530 1.628930463833848
0.203341722049439 0.008686402620432 0.235885987615912 0.141460153881524 5.959540338096051 0.028255474330004 1.323467350386903
0.104292511345308 0.002977591825188 0.171689280178755 0.091794190651799 8.749976525879712 0.011856480385206 2.107436407900914
0.052313931461868 0.001037290015407 0.107228041500561 0.064417793358080 10.763545036307757 0.006486797923807 1.917717399845285
0.026104148473121 0.000353424207363 0.073481609417820 0.043145719163558 14.770838927024560 0.004785042753681 2.280763993835734
0.013051206164512 0.000121219822748 0.050070478575996 0.029084244606482 20.098283219175173 0.002338090096581 2.752217956357826



