# hmean            u_L2_norm         p_L2_norm         grad_u_L2_norm    grad_p_L2_norm   umax_err          pmax_err
0.411242203658415 0.000405313162488 0.002198742572722 0.007941758430514 0.021123088801376 0.001320850020806 0.007277821689460
0.203341722049439 0.000038460305522 0.000240157498679 0.001497406490755 0.005065743143544 0.000239800713370 0.001320943723843
0.104292511345308 0.000003706314593 0.000043849659140 0.000281873304543 0.001928795656494 0.000042278689910 0.000571722699224
0.052313931461868 0.000000282990076 0.000006161656780 0.000042594636847 0.000529317613424 0.000006731954953 0.000162863430540
0.026104148473121 0.000000024470029 0.000000976285165 0.000007472107929 0.000170916005149 0.000000715503104 0.000042776972905




