$MeshFormat
2.2 0 8
$EndMeshFormat
$Nodes
1012
1 0 0 0
2 1 0 0
3 0 1 0
4 0 0 1
5 0 0 -1
6 0.7500000000003474 0 0
7 0.5000000000020602 0 0
8 0.2500000000010409 0 0
9 0.8750000000002451 0 0
10 0.6250000000012857 0 0
11 0.3750000000015506 0 0
12 0.1250000000005205 0 0
13 0 0.2499999999994112 0
14 0 0.4999999999986932 0
15 0 0.7499999999993412 0
16 0 0.1249999999997753 0
17 0 0.3749999999990522 0
18 0 0.6249999999990172 0
19 0 0.8749999999996706 0
20 0 0 0.2499999999994112
21 0 0 0.4999999999986932
22 0 0 0.7499999999993412
23 0 0 0.1249999999997753
24 0 0 0.3749999999990522
25 0 0 0.6249999999990172
26 0 0 0.8749999999996706
27 0 0 -0.2499999999994112
28 0 0 -0.4999999999986932
29 0 0 -0.7499999999993412
30 0 0 -0.1249999999997753
31 0 0 -0.3749999999990522
32 0 0 -0.6249999999990172
33 0 0 -0.8749999999996706
34 0.9749279121819562 0.2225209339557337 0
35 0.9009688679029272 0.4338837391165032 0
36 0.781831482469095 0.6234898018573979 0
37 0.6234898018599706 0.7818314824670433 0
38 0.4338837391184386 0.9009688679019952 0
39 0.2225209339566755 0.9749279121817411 0
40 0.9937122098932765 0.1119644761030075 0
41 0.9438833303086551 0.3302790619543452 0
42 0.8467241992289898 0.5320320765142137 0
43 0.7071067811879451 0.7071067811851499 0
44 0.5320320765164742 0.8467241992275694 0
45 0.330279061955851 0.9438833303081282 0
46 0.1119644761035014 0.9937122098932207 0
47 0 0.2225209339557337 -0.9749279121819562
48 0 0.4338837391165032 -0.9009688679029272
49 0 0.6234898018573979 -0.781831482469095
50 0 0.7818314824670433 -0.6234898018599706
51 0 0.9009688679019952 -0.4338837391184386
52 0 0.9749279121817411 -0.2225209339566755
53 0 0.1119644761030075 -0.9937122098932765
54 0 0.3302790619543452 -0.9438833303086551
55 0 0.5320320765142137 -0.8467241992289898
56 0 0.7071067811851499 -0.7071067811879451
57 0 0.8467241992275694 -0.5320320765164742
58 0 0.9438833303081282 -0.330279061955851
59 0 0.9937122098932207 -0.1119644761035014
60 0 0.2225209339557337 0.9749279121819562
61 0 0.4338837391165032 0.9009688679029272
62 0 0.6234898018573979 0.781831482469095
63 0 0.7818314824670433 0.6234898018599706
64 0 0.9009688679019952 0.4338837391184386
65 0 0.9749279121817411 0.2225209339566755
66 0 0.1119644761030075 0.9937122098932765
67 0 0.3302790619543452 0.9438833303086551
68 0 0.5320320765142137 0.8467241992289898
69 0 0.7071067811851499 0.7071067811879451
70 0 0.8467241992275694 0.5320320765164742
71 0 0.9438833303081282 0.330279061955851
72 0 0.9937122098932207 0.1119644761035014
73 0.9749279121819562 0 -0.2225209339557337
74 0.9009688679029272 0 -0.4338837391165032
75 0.781831482469095 0 -0.6234898018573979
76 0.6234898018599706 0 -0.7818314824670433
77 0.4338837391184386 0 -0.9009688679019952
78 0.2225209339566755 0 -0.9749279121817411
79 0.9937122098932765 0 -0.1119644761030075
80 0.9438833303086551 0 -0.3302790619543452
81 0.8467241992289898 0 -0.5320320765142137
82 0.7071067811879451 0 -0.7071067811851499
83 0.5320320765164742 0 -0.8467241992275694
84 0.330279061955851 0 -0.9438833303081282
85 0.1119644761035014 0 -0.9937122098932207
86 0.9749279121819562 0 0.2225209339557337
87 0.9009688679029272 0 0.4338837391165032
88 0.781831482469095 0 0.6234898018573979
89 0.6234898018599706 0 0.7818314824670433
90 0.4338837391184386 0 0.9009688679019952
91 0.2225209339566755 0 0.9749279121817411
92 0.9937122098932765 0 0.1119644761030075
93 0.9438833303086551 0 0.3302790619543452
94 0.8467241992289898 0 0.5320320765142137
95 0.7071067811879451 0 0.7071067811851499
96 0.5320320765164742 0 0.8467241992275694
97 0.330279061955851 0 0.9438833303081282
98 0.1119644761035014 0 0.9937122098932207
99 0.7031807225183804 0.2038222450784866 0.6811705835469513
100 0.1665251148810186 0.6662749005694267 0.7268749156389041
101 0.6907612988569191 0.6919893743526466 0.2097606583335749
102 0.3258920831390547 0.1887619857511564 0.9263710179418222
103 0.9271788921918145 0.329658845733554 0.1779447872335136
104 0.2948312652213344 0.9040482388210026 0.3094693957932357
105 0.4959300247420139 0.8389130923571536 0.2242280848402878
106 0.5805050378278023 0.7047089089557366 0.4079206475467466
107 0.1879555299088568 0.8616679491373949 0.4713820787917556
108 0.7357240952580717 0.5495056478271131 0.3959212025931377
109 0.6157720513153471 0.5441336197330373 0.5698626015936754
110 0.7423856270926179 0.3847741738854031 0.548463686853657
111 0.4613097607559188 0.6677110728689758 0.5842561320170102
112 0.4895209254232011 0.5237257088826288 0.6971948403625782
113 0.1870414007300941 0.5174698266632198 0.8350092771377224
114 0.5311096374620311 0.2024780684087832 0.8227546322011187
115 0.8361418023848137 0.2033620505327051 0.5094219888342163
116 0.8316104542764016 0.5184737119491302 0.1990202561446633
117 0.39800296879068 0.400523014300057 0.8253332368503048
118 0.9278575097629852 0.1860056612725295 0.3232372743836962
119 0.5965363282191601 0.3795626526919547 0.7071609447616921
120 0.1802619281780054 0.3339981427774656 0.9251761334312247
121 0.3957932244562413 0.8042470208524439 0.4433220645586007
122 0.8498173622355097 0.3784739063960579 0.366835048789491
123 0.9761663222856403 0.1543001259672983 0.152613178860161
124 0.1523047804109614 0.1555508776224546 0.976015972376914
125 0.3322243199878307 0.5946559774714474 0.7321279052638965
126 0.1622334016562536 0.973533990159513 0.1609717161216156
127 0.3453431440737974 0.9264680495626891 0.1496498111616964
128 0.1294178753835039 0.9348488601374421 0.3306185448987173
129 0.2738793615997962 0.7456515529151636 0.6074486455042049
130 0.8148471145234457 0.1024190853406276 0.5705563170369806
131 0.8742044001626909 0.1023292042309694 0.4746529265659765
132 0.9201157761486597 0.09391731110749131 0.38021901209262
133 0.957027583921997 0.09355204632720202 0.2744926560773858
134 0.8868213107701478 0.1957486882289869 0.4186053198665154
135 0.4860081644437186 0.1021426475349044 0.8679648285780982
136 0.5814487184022761 0.1022603249979089 0.807130852959836
137 0.2762805785158764 0.09464358670529931 0.9564055799871146
138 0.3838246578205408 0.09466702899397433 0.9185405737747238
139 0.4314782941268723 0.1971166970775352 0.8803246500187345
140 0.06495330035789015 0.9584943647236086 0.277614159519473
141 0.06497535500794772 0.921219774983386 0.3835783224077589
142 0.08142395098856042 0.9779185374975482 0.1924720089365435
143 0.1464005386961552 0.9579532098282272 0.2467641182369751
144 0.0816854846401442 0.9933591499491679 0.08102518627791765
145 0.07679393145671994 0.07834250962763928 0.9939643571460013
146 0.1883017624682914 0.07796759431955987 0.9790114914991324
147 0.07641761761088298 0.1896935922908475 0.9788650002745376
148 0.3979733996193039 0.8771955016130386 0.2685986320614894
149 0.4493618830199008 0.8278481039234027 0.3357698838776876
150 0.3469673290016863 0.8582415659696871 0.3781997977885959
151 0.3212375514671336 0.9185474324491838 0.2303845695102272
152 0.4226324635285597 0.8866448956604613 0.1877302047381568
153 0.2426003654442436 0.8872723032668119 0.3922918843691848
154 0.1592570350048335 0.9014866383290135 0.4024413469261371
155 0.2130687452064472 0.9227507448078551 0.3211429164292722
156 0.293937327552124 0.8378481760692023 0.4600122621507239
157 0.2298175817540195 0.9440513292560211 0.2365395671905103
158 0.2549359032112927 0.954289053715076 0.1560130994930455
159 0.2401324589547549 0.1728929037262822 0.95521957999061
160 0.1670217558105308 0.2458644111970895 0.9548059616449175
161 0.2552710276373438 0.263024649315545 0.9304056837215735
162 0.09068507609147129 0.2799235369110671 0.9557295801938341
163 0.2609121675669501 0.5586374105864933 0.7873049500090378
164 0.3674564745994194 0.500788875411855 0.7837003518811864
165 0.2964105549177752 0.4621713404121308 0.8357861179960999
166 0.2914966851641072 0.3701722916063628 0.8820443056135169
167 0.1846403108019861 0.4280165463613339 0.8847088739624249
168 0.2504347160054125 0.6330428056793891 0.7324884020903372
169 0.1776804934658479 0.5945007114495681 0.7842184302397451
170 0.08390122465257425 0.6474417507602829 0.7574825172070032
171 0.09427402430512971 0.5740391727566493 0.8133827121854614
172 0.09427136896272739 0.4785456491983059 0.8729873828568573
173 0.09062004151601866 0.3860242841683372 0.9180268297320932
174 0.9557181396135191 0.2430081335817134 0.165981579179154
175 0.9558975892396878 0.1708466139078835 0.2388958630909362
176 0.932396511222656 0.2591883301821809 0.2519090219845099
177 0.9789831887294463 0.1890440396039198 0.07651318367024448
178 0.9564997762231839 0.2776709670278659 0.08948190965110735
179 0.893897526658104 0.2838236568391832 0.3469745576450206
180 0.8934308909820178 0.3560320815978905 0.273902172156686
181 0.9190810543884143 0.3837541765818678 0.08956979077933101
182 0.8458140314864161 0.4511944332549066 0.2846440014131331
183 0.8844158084200306 0.4264682974472478 0.1895612541876351
184 0.871983803185022 0.4791740237890357 0.1001823432986545
185 0.4459960674106647 0.4644509275823905 0.7650966237816496
186 0.4131128644545396 0.5607956849741677 0.717527672592855
187 0.5452614696332329 0.4536054676822067 0.7049340461505696
188 0.5008314160227643 0.3929902972526682 0.7711851392434195
189 0.4679001149435649 0.3036707639517147 0.8299720173335849
190 0.5673312805130597 0.2927578203575958 0.769693495341413
191 0.3648016968629764 0.2969925979257619 0.882448366049368
192 0.09444757446556742 0.8855648165081964 0.4548127212824806
193 0.09474882174738863 0.8284918698626766 0.5519274248929176
194 0.2212822328095326 0.7089554036090558 0.6696390140488743
195 0.3046623460272543 0.6736793846102829 0.6733030088038223
196 0.3989628322715419 0.6346745534422584 0.6618284291859479
197 0.3695282223965639 0.710398120313903 0.598985311595292
198 0.4774678740275207 0.5982804642696897 0.6434943009420393
199 0.5423969651677093 0.7776646702840211 0.317872919212857
200 0.4909366642849278 0.7587849583791954 0.4280497384630331
201 0.6397737962087229 0.7028942880903356 0.3108522308986376
202 0.5994016968777295 0.7701655967015612 0.2180884211447884
203 0.6618408442157595 0.7421836412400667 0.1054994767920993
204 0.5646588160653827 0.8175375236224283 0.1131053442987902
205 0.4683161112001565 0.8763132267623395 0.1129386939526883
206 0.3911566602662479 0.9172543449482582 0.07510615023349941
207 0.6682377066988464 0.1028948179746243 0.7367978174369378
208 0.7476239388375919 0.1031746351980331 0.6560590222904623
209 0.7742405437995299 0.2048034686940859 0.5988381413603168
210 0.9790687506347022 0.07741683726982036 0.1882312801787774
211 0.9940237613678632 0.07761374173299815 0.07676502413396896
212 0.138383949197798 0.7711450129511281 0.6214380513011941
213 0.08380668755348586 0.7287849193097151 0.6795947178341252
214 0.2320642913986554 0.8076405353256373 0.5420912564841439
215 0.3371354772294497 0.779527795756874 0.5278977984758985
216 0.4308631991611543 0.7399479703959653 0.516559681658864
217 0.5245070786672867 0.6897429959235959 0.4991461950193056
218 0.6029023301576591 0.6285738962875888 0.491328441265417
219 0.5412248295791908 0.6088952939850607 0.5799329313031137
220 0.7187220269588683 0.6250021207305311 0.3046489734866576
221 0.662405712654748 0.63102219077752 0.4037693234864362
222 0.6807145187779674 0.5488735285953165 0.485144920134393
223 0.8484250927805989 0.2927972611672552 0.4409587574741954
224 0.7416114643355947 0.6624839288022991 0.1054868714328235
225 0.8121310709732861 0.5748109246308709 0.1001774649548806
226 0.7659944441858569 0.6090547306220483 0.2056814201217604
227 0.6210118682583836 0.2044229857303702 0.7566739736420918
228 0.5549102377217812 0.5361167465737205 0.6361237789257412
229 0.7971564395800425 0.466410189723722 0.3834098926187896
230 0.8006441035445245 0.383883060418616 0.4600030601887575
231 0.7440141376865917 0.4697213930842436 0.4751892000050872
232 0.793567287019127 0.295666280990579 0.5318199049098314
233 0.7885045227272997 0.5372857739315439 0.2993068906145918
234 0.682665304658163 0.4668983217920373 0.5621156810868707
235 0.6734868452670452 0.3845431767923621 0.6313018409878758
236 0.6096935505096872 0.4645448545508151 0.6422397158205443
237 0.6536407876338471 0.2936653260000286 0.6975058401523966
238 0.7275278159145953 0.2963230994570299 0.6187858254668717
239 0.1930916922838267 0.977849387127761 0.08078474153471223
240 0.2853562650705416 0.9554667586577502 0.07520023327785166
241 0.7274861778328566 0.6656671481170692 -0.1662862260676731
242 0.5171847079853005 0.1948148793652564 -0.8334069477776508
243 0.209825457950187 0.6921615902210047 -0.6905690481180895
244 0.8256242162009347 0.1953354204631795 -0.5293285625536044
245 0.3094855154513509 0.904026042654353 -0.2948824001674589
246 0.1779084227515351 0.3296882159885845 -0.927175427495965
247 0.9277871779381098 0.321050584221138 -0.1900985923801238
248 0.2242427085761806 0.8389171190985409 -0.495916600784671
249 0.4054412751712689 0.7059046423448356 -0.5807891255038312
250 0.471475577409099 0.861618227489637 -0.1879489557416391
251 0.3949357822241134 0.5483147494914513 -0.7371408708036441
252 0.5676328523092872 0.5431888635294949 -0.6186588749195784
253 0.5851811820403947 0.6670697922218249 -0.4610649373905351
254 0.7014233698912881 0.5160415219862641 -0.4916364548692963
255 0.7076551043369194 0.3676552400233319 -0.6033687742908892
256 0.8381128959893223 0.5125796223590372 -0.1866250366876279
257 0.5551083009334864 0.3787930324853329 -0.7405205012525335
258 0.2014218543634069 0.5171969671541921 -0.8318272259016963
259 0.325926421791789 0.1839052416343165 -0.9273353383094081
260 0.9255039934137489 0.1775783374247701 -0.3345269679004341
261 0.830155737660348 0.3924420463657682 -0.3960185494062766
262 0.6874257590651741 0.1891230776678377 -0.7011977518982175
263 0.4433514418236166 0.8042164371787507 -0.3958224617229759
264 0.3752775516681239 0.3715043637011232 -0.8492062570218157
265 0.9761993106481468 0.1507668780962289 -0.1558982179474802
266 0.152982006104886 0.1541810947323366 -0.9761273973387198
267 0.7338141357077731 0.5927949515451777 -0.3318297148508617
268 0.1606772354124976 0.9734968780669886 -0.1627472101574201
269 0.150163911752598 0.9269541310824767 -0.3438122139719422
270 0.3305235089642542 0.9348616389527381 -0.1295682292715193
271 0.6080345806525159 0.7453303696837625 -0.2734530832844729
272 0.6424834427324407 0.4578975090768714 -0.6144468219430115
273 0.7076334393318089 0.4437257684092724 -0.5498748566619825
274 0.6374141459795568 0.5318611679159111 -0.5575185239687332
275 0.7752756909196089 0.3815596705970528 -0.503348607669666
276 0.7697439238165595 0.4565872721174949 -0.4461192157795843
277 0.6463655260225863 0.5941922875854836 -0.478693150299307
278 0.5794153939739073 0.6081111669894452 -0.5426588337148829
279 0.7205814157115332 0.5566573912327848 -0.4133944509993729
280 0.663181317633081 0.6334503388647861 -0.3986617715991067
281 0.7875341768726266 0.4960018415392562 -0.3657486752501244
282 0.5643558830925485 0.4633913880669664 -0.6832063075559239
283 0.6348960610695007 0.375083513397633 -0.6754401154919067
284 0.6270027335856123 0.2857442836632405 -0.7247191017421515
285 0.7012245122251686 0.279807725180567 -0.6557376155016964
286 0.539115207921814 0.2883932142614186 -0.7913179806850006
287 0.4679732725115184 0.3770800624365813 -0.7992569316106579
288 0.4498085738966705 0.2848083195315525 -0.8464965847389206
289 0.3872532058364523 0.4624723808155498 -0.7975927855442194
290 0.4797243840758205 0.4667650934172992 -0.7429635676735532
291 0.4839900653313787 0.5486644598534391 -0.6817044279995996
292 0.6061271972516633 0.1928893641527185 -0.7716239459403804
293 0.7713975862308474 0.2832213189250792 -0.5698521285943933
294 0.7611718956813087 0.1934089888921276 -0.6190398276691476
295 0.8339069895455379 0.2960006465107642 -0.4658140724069076
296 0.101499687122163 0.478661616980132 -0.8721128768365185
297 0.1018964113841879 0.5744092652747261 -0.8122014019401675
298 0.2075444362251159 0.6083715266848364 -0.7660348507157884
299 0.1062040117962049 0.662710905881157 -0.7413062545969565
300 0.1060471461364263 0.7421013014253227 -0.6618456475789213
301 0.6242784913972889 0.768808715582504 -0.1385984272028563
302 0.670457762937176 0.7083446158424288 -0.2207584501764759
303 0.6800221197328213 0.728411923342372 -0.08358221465566971
304 0.6745169069852768 0.6726452407449396 -0.3042619304056919
305 0.7338436778325647 0.6317110186123835 -0.2498292326147598
306 0.7581567179430252 0.6467039861870706 -0.08350057058256102
307 0.7863658629080665 0.5917835117281339 -0.1772597103110844
308 0.8155613924083384 0.5710384703290526 -0.09367326522134327
309 0.7900045979737379 0.5549872674886577 -0.260541490181172
310 0.9182393831563822 0.08878971434139964 -0.3859440656983331
311 0.8808976241948392 0.1875877963192362 -0.4345459634606915
312 0.869839864882912 0.09813332084793867 -0.4834753983398048
313 0.8087162950376422 0.09818250014630318 -0.5799466792780268
314 0.8843891913367491 0.2871109651244719 -0.3679987118890841
315 0.7393315156090341 0.09512934313441881 -0.6665878172469569
316 0.9791755249200936 0.187340079847812 -0.07822394697325408
317 0.9940321317817284 0.07583535606996593 -0.07841632327018368
318 0.9571653105911324 0.2733225221591342 -0.09554772148801226
319 0.9559272327679547 0.2368078085544671 -0.1735660896034453
320 0.9788939579074031 0.07564076119309214 -0.1898554566466525
321 0.9551062731923 0.1647384741583801 -0.2462381815248889
322 0.9558536618709759 0.08920322458094017 -0.2799760022077047
323 0.9317809897545785 0.250319460989176 -0.2629151090790833
324 0.3526715631127676 0.2788904353308107 -0.8932205179308119
325 0.4242605642341732 0.1900513565432558 -0.8853719306098251
326 0.2542139859021819 0.2582917664292096 -0.9320196418351943
327 0.2782248659084016 0.3526429433089857 -0.8934393535795405
328 0.2912849809392827 0.4476147887308379 -0.8454549430860576
329 0.1907704296239918 0.4259355088314133 -0.8844125652078912
330 0.3000114295568942 0.5359301639333447 -0.7891590470377988
331 0.4601420357700786 0.8378857829336099 -0.2936268408628532
332 0.5292640654923373 0.7786278524892678 -0.337073013316809
333 0.5424388329100611 0.8074692489547458 -0.2318480634890647
334 0.6004309687854009 0.7095488483158845 -0.3688130740321264
335 0.5175637861101409 0.7392444457422765 -0.4308658454165643
336 0.5521120844864438 0.8283795769084483 -0.09465475542736303
337 0.8744800673075083 0.4759004078454837 -0.09382650848431962
338 0.8408678060070607 0.4550891352018945 -0.2929764697754135
339 0.8879311356527831 0.4191624802545176 -0.1894231070520175
340 0.9201997520399179 0.3796507873092695 -0.09538184335147457
341 0.8853084332177381 0.3593157129797083 -0.2951629998482829
342 0.2758518716730712 0.09248329413638226 -0.9567406049709331
343 0.2404938100094142 0.1696887270520079 -0.9557031250647999
344 0.1884306784726588 0.07736644590868558 -0.979034377566892
345 0.3821790299934179 0.09216725717102152 -0.9194804977479734
346 0.4786013743735141 0.09802496690750458 -0.8725433114238892
347 0.1665930859921961 0.2429421184824524 -0.9556285213234559
348 0.378720484215341 0.8581823181776673 -0.3465456731845058
349 0.3924252884710613 0.8872091858712563 -0.2426154436017351
350 0.2688360128301776 0.8771789415537229 -0.3978495980898598
351 0.3362963265052741 0.8277180139843903 -0.4492078250707512
352 0.3173943555018757 0.7779409621205248 -0.5422809996215441
353 0.4268294984972868 0.759375138259861 -0.4910865286335716
354 0.4991833290189983 0.6903487035495577 -0.523674203619918
355 0.4906293265631456 0.6284273132058323 -0.6036240352513248
356 0.4027760789974678 0.6309082626907389 -0.6631185371077928
357 0.4548909627683502 0.8855231588253495 -0.09446135281509584
358 0.4026442042561105 0.901440522272784 -0.1590051243939447
359 0.3219293244902762 0.9225552249667177 -0.2127283876680383
360 0.2307566516985408 0.9187636749152349 -0.3203508660096469
361 0.1880751469134846 0.8869950541785163 -0.4217434207860532
362 0.2465713522804556 0.9579515893983406 -0.1467355464902088
363 0.2363979743950228 0.944018926627352 -0.2300962056863874
364 0.1566324619394472 0.9542959540958458 -0.2545299665326009
365 0.0769518537046265 0.07755431176420824 -0.9940139540963203
366 0.6592926567355489 0.0949576078273604 -0.7458661042642216
367 0.5750978794528699 0.09721724233372313 -0.8122876564628064
368 0.07676090266011425 0.1890154270260708 -0.9789693213625013
369 0.08972466892316543 0.2777179458373519 -0.9564633951942488
370 0.08943845898642083 0.383864231779352 -0.9190478842881812
371 0.3045687474737886 0.6246971671513348 -0.7190210896874615
372 0.3841336338372507 0.9209648118856885 -0.0653082431500593
373 0.08087627355363015 0.9933521223668988 -0.08191818702373695
374 0.1923292455841369 0.9779249631947097 -0.08168370494573757
375 0.08063548348981182 0.97781153626435 -0.1933455930470511
376 0.2777092318540569 0.958459262276129 -0.06506477618595279
377 0.3098251499084128 0.7035195106482974 -0.6395847673462913
378 0.2187057298976962 0.7712377533997719 -0.5977960617474729
379 0.1131151226746749 0.8175398841877551 -0.5646534395401882
380 0.1129441023093599 0.876318345420033 -0.46830522870648
381 0.07538016799017934 0.9175609233064201 -0.3903841470844353
382 0.0755558978619531 0.9557025952360892 -0.2844711861635157
383 0 0.5753335111193407 0.5649945670892332
384 0 0.377845576791619 0.2245144522067528
385 0 0.206532647072042 0.595406815571498
386 0 0.752330016318548 0.2663544676823676
387 0 0.1904924312555403 0.3758722278682458
388 0 0.3810400185177996 0.481204449529485
389 0 0.5550408881834648 0.3607392540207459
390 0 0.4125633071917135 0.6842529140850659
391 0 0.7131009531980785 0.4498923659541513
392 0 0.5853329976946833 0.1707725321370517
393 0 0.183012701891741 0.183012701891741
394 0 0.2551001254671984 0.7811113019481577
395 0 0.8266494421102716 0.3501191034004031
396 0 0.8636289642501446 0.2444377008195216
397 0 0.8624639560905412 0.1112604669783378
398 0 0.7511650081589446 0.1331772338411838
399 0 0.1112604669778669 0.8624639560906485
400 0 0.09150635094587048 0.2165063509455761
401 0 0.1867525665736406 0.2794424648799934
402 0 0.09524621562777015 0.3129361139338285
403 0 0.09150635094587048 0.09150635094587051
404 0 0.09524621562777015 0.4379361139334695
405 0 0.3139227883955151 0.1122572261033764
406 0 0.28042913934168 0.2037635770492469
407 0 0.2165063509455761 0.09150635094587051
408 0 0.2841690040235796 0.3001933400374993
409 0 0.7474662178325608 0.5366910839070609
410 0 0.8070349105500368 0.4418880525362949
411 0 0.7327154847583133 0.3581234168182594
412 0 0.4664432324875418 0.2926268531137494
413 0 0.4680404533506322 0.4209718517751154
414 0 0.3794427976547093 0.3528594508681189
415 0 0.28576622488667 0.4285383386988654
416 0 0.2937863327949208 0.5383056325504916
417 0 0.3968016628547566 0.5827286818072754
418 0 0.3095479771318778 0.639829864828282
419 0 0.4939484091555271 0.6246237405871495
420 0 0.4781867648185701 0.5230995083093591
421 0 0.5651871996514027 0.4628669105549896
422 0 0.1985125391637911 0.4856395217198719
423 0 0.3444919322918508 0.8410400849255423
424 0 0.333831716329456 0.7326821080166117
425 0 0.4232235231541084 0.7926108909939965
426 0 0.2388105297114661 0.878019607065057
427 0 0.2308163862696202 0.6882590587598278
428 0 0.103266323536021 0.6727034077854196
429 0 0.1275500627335992 0.7655556509737494
430 0 0.4389227883951561 0.1122572261033764
431 0 0.5426664988466883 0.08538626606852584
432 0 0.4815892872431511 0.1976434921719022
433 0 0.6676664988470122 0.08538626606852584
434 0 0.5180265545245557 0.7330421982770805
435 0 0.5994116564883694 0.6734130247791641
436 0 0.6785824967931919 0.594242184474602
437 0 0.6442172321587096 0.5074434665216923
438 0 0.6536854522510064 0.3135468608515568
439 0 0.570186942939074 0.2657558930788988
440 0 0.6688315070066156 0.2185634999097096
441 0 0.6340709206907716 0.4053158099874486
442 0 0.103266323536021 0.5477034077850955
443 0 0.5674157469656612 -0.5664005301406246
444 0 0.3754214535264821 -0.2264121862379869
445 0 0.2059788651801607 -0.5979500124737187
446 0 0.7436697607991196 -0.2746076096844984
447 0 0.1898303888291611 -0.3754520864231408
448 0 0.3785046563030778 -0.4877886563989264
449 0 0.5566973131181138 -0.3640774395073421
450 0 0.4125511985818716 -0.6914083112588522
451 0 0.7095193570483498 -0.452609126079776
452 0 0.183012701891741 -0.183012701891741
453 0 0.2549869473668538 -0.783051020763359
454 0 0.5699051145451769 -0.1745544194447581
455 0 0.5954527744115296 -0.6741160063048598
456 0 0.4899834727737664 -0.6289044206997384
457 0 0.5180205002196347 -0.7366198968639736
458 0 0.4232174688491874 -0.7961885895808897
459 0 0.6746236147163522 -0.5949451660002976
460 0 0.4729602016343695 -0.5270945932697755
461 0 0.3955279274424747 -0.5895984838288892
462 0 0.3092650318810161 -0.6446791618662855
463 0 0.2922417607416192 -0.5428693344363226
464 0 0.3337690729743626 -0.7372296660111055
465 0 0.3444353432416785 -0.842009944333143
466 0 0.2304829062735072 -0.6905005166185388
467 0 0.3127107267629466 -0.1132060931189934
468 0 0.4377107267625876 -0.1132060931189934
469 0 0.534952557271935 -0.08727720972237904
470 0 0.6599525572722591 -0.08727720972237904
471 0 0.4726632840358295 -0.2004833028413725
472 0 0.2165063509455761 -0.09150635094587051
473 0 0.2792170777091115 -0.2047124440648639
474 0 0.09150635094587048 -0.09150635094587051
475 0 0.6567874376721483 -0.2245810145646282
476 0 0.5633012138316453 -0.2693159294760501
477 0 0.6501835369586166 -0.3193425245959202
478 0 0.7468348803992304 -0.1373038048422492
479 0 0.6331083350832318 -0.408343282793559
480 0 0.7265945589237347 -0.3636083678821372
481 0 0.8592988364904304 -0.248564271820587
482 0 0.8624639560905412 -0.1112604669783378
483 0 0.8223193143505574 -0.3542456744014685
484 0 0.8052441124751725 -0.4432464325991073
485 0 0.4660593833222979 -0.2952448128726645
486 0 0.5620565300418875 -0.4652389848239833
487 0 0.4676009847105957 -0.4259330479531342
488 0 0.3769630549147799 -0.3571004213184567
489 0 0.2841675225661194 -0.4316203714110336
490 0 0.1979046270046609 -0.4867010494484297
491 0 0.2826259211778216 -0.3009321363305638
492 0 0.1029894325900803 -0.6739750062365299
493 0 0.1029894325900803 -0.548975006236206
494 0 0.09491519441458056 -0.437726043210917
495 0 0.09491519441458056 -0.312726043211276
496 0 0.6384675520070056 -0.5095048281102004
497 0 0.7456754197576965 -0.5380494639698733
498 0 0.2387539406612938 -0.8789894664726576
499 0 0.1274934736834269 -0.7665255103813501
500 0 0.1112604669778669 -0.8624639560906486
501 0 0.186421545360451 -0.2792323941574409
502 0 0.09150635094587048 -0.2165063509455761
503 0.5664005301408583 0 0.567415746965569
504 0.2264121862389534 0 0.3754214535262344
505 0.5979500124753092 0 0.2059788651800891
506 0.2746076096850611 0 0.7436697607990015
507 0.3754520864248184 0 0.1898303888289031
508 0.4877886564008955 0 0.3785046563024658
509 0.3640774395084033 0 0.5566973131178294
510 0.6914083112596889 0 0.4125511985822504
511 0.4526091260801933 0 0.7095193570482288
512 0.1830127018919008 0 0.1830127018914642
513 0.7830510207640458 0 0.2549869473669152
514 0.1745544194466561 0 0.5699051145448742
515 0.7961885895813081 0 0.4232174688493768
516 0.736619896864392 0 0.5180205002198242
517 0.8420099443334865 0 0.3444353432417092
518 0.7372296660118673 0 0.3337690729745828
519 0.8789894664730009 0 0.2387539406613245
520 0.2004833028428048 0 0.4726632840355544
521 0.2693159294775297 0 0.5633012138313518
522 0.2952448128736784 0 0.4660593833220319
523 0.08727720972332807 0 0.5349525572717837
524 0.1132060931194767 0 0.4377107267624638
525 0.3193425245967322 0 0.6501835369584155
526 0.2245810145658587 0 0.6567874376719378
527 0.08727720972332807 0 0.6599525572721077
528 0.1373038048425306 0 0.7468348803991713
529 0.1132060931194767 0 0.3127107267628228
530 0.2047124440654271 0 0.2792170777088493
531 0.0915063509459504 0 0.2165063509454377
532 0.3009321363318859 0 0.2826259211775687
533 0.2792323941583596 0 0.1864215453601836
534 0.4259330479546494 0 0.4676009847101477
535 0.3571004213199245 0 0.3769630549143501
536 0.4316203714128569 0 0.2841675225656844
537 0.5380494639700819 0 0.7456754197576361
538 0.443246432599316 0 0.805244112475112
539 0.3636083678826272 0 0.7265945589236151
540 0.3542456744017499 0 0.8223193143504983
541 0.2485642718208683 0 0.8592988364903713
542 0.6446791618674991 0 0.3092650318811697
543 0.6905005166196775 0 0.2304829062735022
544 0.5428693344381024 0 0.2922417607412774
545 0.5895984838302922 0 0.3955279274423581
546 0.6739750062378282 0 0.1029894325900445
547 0.7665255103821966 0 0.1274934736834576
548 0.5489750062386847 0 0.1029894325900445
549 0.4377260432134393 0 0.09491519441445154
550 0.4867010494500638 0 0.1979046270044961
551 0.1112604669783378 0 0.8624639560905412
552 0.6289044207002736 0 0.4899834727739096
553 0.6741160063049767 0 0.5954527744114835
554 0.5270945932708769 0 0.4729602016340174
555 0.0915063509459504 0 0.09150635094573208
556 0.8624639560911518 0 0.1112604669778669
557 0.5949451660004145 0 0.6746236147163061
558 0.4652389848246308 0 0.5620565300416992
559 0.4083432827942983 0 0.6331083350830291
560 0.5095048281105259 0 0.6384675520068989
561 0.2165063509464709 0 0.09150635094573208
562 0.3127260432129297 0 0.09491519441445154
563 0.5664005301408584 0 -0.5674157469655688
564 0.2264121862389534 0 -0.3754214535262344
565 0.5979500124753092 0 -0.205978865180089
566 0.2746076096850611 0 -0.7436697607990015
567 0.3754520864248183 0 -0.1898303888289031
568 0.4877886564008955 0 -0.3785046563024658
569 0.3640774395084033 0 -0.5566973131178293
570 0.6914083112596888 0 -0.4125511985822503
571 0.4526091260801934 0 -0.7095193570482287
572 0.1830127018919008 0 -0.1830127018914642
573 0.7830510207640458 0 -0.2549869473669152
574 0.1745544194466561 0 -0.5699051145448742
575 0.5095048281105259 0 -0.6384675520068988
576 0.4083432827942984 0 -0.633108335083029
577 0.4652389848246309 0 -0.5620565300416991
578 0.538049463970082 0 -0.745675419757636
579 0.5949451660004146 0 -0.6746236147163061
580 0.4259330479546494 0 -0.4676009847101475
581 0.5270945932708769 0 -0.4729602016340173
582 0.5895984838302921 0 -0.3955279274423581
583 0.6289044207002736 0 -0.4899834727739096
584 0.6741160063049767 0 -0.5954527744114834
585 0.7366198968643919 0 -0.5180205002198242
586 0.2245810145658586 0 -0.6567874376719378
587 0.2693159294775297 0 -0.5633012138313518
588 0.3193425245967322 0 -0.6501835369584155
589 0.08727720972332806 0 -0.6599525572721077
590 0.1373038048425306 0 -0.7468348803991713
591 0.2952448128736784 0 -0.4660593833220319
592 0.2004833028428047 0 -0.4726632840355544
593 0.1132060931194767 0 -0.4377107267624638
594 0.08727720972332806 0 -0.5349525572717837
595 0.8624639560911518 0 -0.1112604669778669
596 0.6739750062378282 0 -0.1029894325900445
597 0.5489750062386847 0 -0.1029894325900445
598 0.8789894664730009 0 -0.2387539406613245
599 0.7665255103821966 0 -0.1274934736834576
600 0.6905005166196775 0 -0.2304829062735021
601 0.3009321363318859 0 -0.2826259211775687
602 0.4316203714128569 0 -0.2841675225656844
603 0.3571004213199244 0 -0.3769630549143501
604 0.5428693344381024 0 -0.2922417607412774
605 0.4867010494500638 0 -0.1979046270044961
606 0.4377260432134393 0 -0.09491519441445154
607 0.3127260432129296 0 -0.09491519441445154
608 0.2792323941583595 0 -0.1864215453601836
609 0.2165063509464709 0 -0.09150635094573208
610 0.2047124440654271 0 -0.2792170777088493
611 0.3636083678826273 0 -0.7265945589236151
612 0.3542456744017499 0 -0.8223193143504983
613 0.443246432599316 0 -0.805244112475112
614 0.644679161867499 0 -0.3092650318811697
615 0.2485642718208683 0 -0.8592988364903713
616 0.1112604669783378 0 -0.8624639560905412
617 0.796188589581308 0 -0.4232174688493767
618 0.7372296660118673 0 -0.3337690729745827
619 0.8420099443334865 0 -0.3444353432417092
620 0.0915063509459504 0 -0.09150635094573208
621 0.1132060931194767 0 -0.3127107267628228
622 0.0915063509459504 0 -0.2165063509454377
623 0.4060578589938051 0.4060578589931724 -0.07413766613951257
624 0.3796083122506667 0.3698582326974717 0.3131848246607888
625 0.3536701299202262 0.3325691018783008 -0.4216897905550651
626 0.6211563544172412 0.3003960638288724 0.1254396711408644
627 0.3022557166860046 0.6222405983526909 0.1202026136870502
628 0.2667220624097024 0.6611368884073321 -0.1572632706967828
629 0.2846038088183059 0.283499448949264 0.5790903500443254
630 0.6388809341238275 0.2881520406062514 -0.2030073766010088
631 0.5278656669893248 0.2469195458972976 0.49017626794799
632 0.2289384136392955 0.5089033833591292 0.4684586684596089
633 0.2555158762228891 0.255515876222925 0.09776823276021401
634 0.2584518176322242 0.5767278965551621 -0.40574090757232
635 0.5019032661533109 0.4948252356319039 -0.2928481773048274
636 0.4631571298301946 0.2105311817327424 -0.6013540004283627
637 0.2309745681763802 0.3103291434232353 -0.645993748578256
638 0.2482624785457986 0.2482624785458262 -0.2024811410363017
639 0.5617604882687521 0.534061782175245 0.06949171099789911
640 0.6995714764720105 0.2107671943308379 0.3217748932972763
641 0.6651446226917581 0.1440760203031257 -0.3077792875916295
642 0.7322525751623812 0.2417437305347155 -0.3661679695773066
643 0.7585162637303118 0.09766771023158974 -0.4709398805679273
644 0.5772827205449417 0.1052655908663712 -0.5069525995053066
645 0.6443906730155646 0.2029333010979609 -0.5653412814909835
646 0.5510190319770111 0.2493416111694969 -0.4021806885146857
647 0.6732680192303735 0.3279036403147917 -0.403188075445949
648 0.5854061170835569 0.2890932108780372 -0.602361387359626
649 0.6701521520075577 0.4020967812962578 -0.3473219157351525
650 0.6047791852451152 0.4312402378276179 -0.4481084757978583
651 0.6016633180222994 0.505433378809084 -0.3922423160870618
652 0.5703921001385692 0.3914886381190777 -0.2479277769529181
653 0.4962755320220268 0.3103605712422761 -0.3123485835780369
654 0.5306626171285728 0.3501121709508164 -0.5125292824229771
655 0.4084136298752103 0.2715501418055216 -0.5115218954917139
656 0.4345646188369339 0.4467919707900503 0.5051898325116835
657 0.4976901817830069 0.4569959262152545 0.4415237131272322
658 0.5086932962062629 0.3853226273899632 0.5936855541552841
659 0.5718188591523359 0.3955265828151674 0.5300194347708327
660 0.4537369896199958 0.3083888892973846 0.4016805463043894
661 0.2451056232974307 0.7419542737450429 0.2957923462394029
662 0.2985434909536695 0.7631444185868468 0.2148360047401429
663 0.2084469717740762 0.685285666248262 0.4699203736256823
664 0.2618848394303149 0.706475811090066 0.3889640321264223
665 0.26559706516265 0.56557199085591 0.2943306410733296
666 0.4413803772569034 0.6634747536542137 0.2640616306168984
667 0.3409320144683357 0.4960494155250813 0.2166937191739195
668 0.4800566750392345 0.5372835708266042 0.3605527361037677
669 0.4047217257335489 0.6068061461574329 0.4381896580031778
670 0.3042733629449811 0.4393808080283005 0.3908217465601989
671 0.5633347952623615 0.1440760203031257 -0.2907560164517373
672 0.475472893115545 0.1052655908663712 -0.4899293283654143
673 0.349024470571123 0.7132438096025674 0.2817623391228254
674 0.3123658190477684 0.6565752021057866 0.4558903665091049
675 0.3592296695312484 0.516314546120879 0.5828267544110936
676 0.3784020403143101 0.3779114646282134 0.4793174682037994
677 0.4223552324773213 0.5265185015460833 0.5191606350266422
678 0.4277866980367686 0.4136971687551024 -0.3572689839299462
679 0.4062347379038154 0.2652094974232808 0.5346333089961577
680 0.3870623671207535 0.4036125789159464 0.6381425952034518
681 0.2567711112288007 0.3962014161541966 0.5237745092519672
682 0.3451240871976072 0.5883072281140524 0.5263574002383096
683 0.1474156326106672 0.8281891275697753 0.2879119317378016
684 0.0939777649544284 0.8069989827279714 0.3688682732370616
685 0.1511278583430023 0.6872853073356194 0.1932785406847089
686 0.5275467499057571 0.4243053119322824 -0.4566631227121807
687 0.5576662037543691 0.4596819402622924 0.3545530136269633
688 0.6487422917634119 0.5417837150011791 0.2327064567955184
689 0.5711327630482772 0.6193853455654907 0.2387061792723228
690 0.4706844002597094 0.4519600074363583 0.191338267829344
691 0.4320081024773784 0.578151190263968 0.09484716234247464
692 0.7980421332995986 0.2614584988923031 0.06271983557043218
693 0.7610626111600842 0.3671399014726878 0.06271983557043218
694 0.7699249010133773 0.3610178898613773 -0.1015036883005044
695 0.6300186442705343 0.2942740522175619 -0.0387838527300722
696 0.8069044231528919 0.2553364872809926 -0.1015036883005044
697 0.3907549727093117 0.2030289294965862 -0.1319840274842078
698 0.4530289294979327 0.2030289294965862 -0.03706883306975629
699 0.5694404670629438 0.1440760203031257 -0.1015036883005044
700 0.5224693965588163 0.3471049497997119 -0.1385725213702607
701 0.5071665102743229 0.1440760203031257 -0.1964188827149559
702 0.1333610312048512 0.5805684442030126 -0.07863163534839138
703 0.3363899607017538 0.5335973737002522 -0.1157004684181477
704 0.2030289294969025 0.4530289294959328 -0.03706883306975629
705 0.1241312392728993 0.3741312392722597 -0.1012405705181509
706 0.3271601687698019 0.3271601687694993 -0.1383094035879071
707 0.2574922704777505 0.4546996834765791 -0.1798722058665422
708 0.6317948811236982 0.3982125968622053 0.4430487352705639
709 0.5395898943613386 0.2903127135141548 0.3174798589790325
710 0.6137185717306677 0.2288433701140677 0.4059755806226331
711 0.7176477858650411 0.3801364210789755 0.358848047945207
712 0.5003823333339539 0.335127148263172 0.2193122479008266
713 0.6784402248376564 0.4249508558279927 0.260680436867001
714 0.6603639154446258 0.2555816290798552 0.2236072822190703
715 0.1144692068196478 0.6306166998388386 0.3674065680709883
716 0.7345183358920877 0.3402970434860099 -0.2995129630036427
717 0.0939777649544284 0.7873844511677367 0.4606372223729535
718 0.1144692068196478 0.6110021682786039 0.4591755172068801
719 0.4204590365032927 0.5187846527832237 0.4487204783388995
720 0.5914584213429966 0.4172289230020587 0.09746569106938173
721 0.1144692068196478 0.531972135771297 0.4145989612401774
722 0.1898041561253334 0.280175331976506 0.3445285262645174
723 0.3030102492448101 0.1849291163487359 0.3443031390935116
724 0.1132060931194767 0.09524621562777015 0.3756468406972401
725 0.1277579381114445 0.2230041537392327 0.2368202303142299
726 0.2409640312309212 0.1277579381114625 0.2365948431432242
727 0.3175620942367779 0.3126870544601983 0.2054765287105014
728 0.1511278583430023 0.5000430875721549 0.1723585329469015
729 0.1511278583430023 0.5886407432680778 0.2404709338538981
730 0.1511278583430023 0.6037867980236871 0.1454875729120509
731 0.4207293931605608 0.1662845509391504 -0.4000972234287654
732 0.3843126642815067 0.577981062019618 -0.2250557240008051
733 0.5549689234029134 0.6200778026578333 -0.2831506302946502
734 0.4373783215311091 0.7032336290455473 -0.2153581769906278
735 0.4142412753392273 0.5975993352912885 -0.04388577984944182
736 0.584897534460634 0.6396960759295038 -0.1019806861432869
737 0.5318318772110315 0.5144435089035745 -0.1116782331534642
738 0.3775301993377426 0.1849291163487359 0.251507606744846
739 0.488779162362988 0.1849291163487359 0.259581844920439
740 0.4983042204210298 0.1501980319144362 0.1576350299848837
741 0.6095531834462752 0.1501980319144362 0.1657092681604767
742 0.2555079975286296 0.141749724474632 0.4772559017852799
743 0.1423019044091529 0.2369959401024022 0.4774812889562856
744 0.3321060605344863 0.3266788408233678 0.4461375873525572
745 0.1144692068196478 0.4433744800753741 0.3464865603331808
746 0.5544725054090683 0.1501980319144362 0.2519721637216651
747 0.4336984843257811 0.1849291163487359 0.3458447404816273
748 0.593680066436453 0.105383597165419 0.350139774799871
749 0.1333610312048512 0.6155210014762544 -0.1659088450707704
750 0.1333610312048512 0.5182791709669071 -0.1918377284673848
751 0.1241312392728993 0.3118419660361541 -0.2144466636371443
752 0.3118572824853085 0.1241312392729131 -0.1961557649326024
753 0.4435717063348131 0.2682072595760388 -0.2027442588186552
754 0.453980562573558 0.4504415473125382 -0.18349292172217
755 0.4839091736312786 0.4700598205842087 -0.002322977570806732
756 0.1898041561253334 0.3738519047445453 0.2688496384337708
757 0.3741312392739294 0.1241312392729131 -0.1012405705181509
758 0.5136071067055231 0.3532269614110224 0.02565100250067589
759 0.5605781772096508 0.1501980319144362 0.06271983557043218
760 0.368025567473347 0.1241312392729131 -0.2904928986693838
761 0.7986613383514407 0.2273480948980853 0.1390264250005127
762 0.7741676233045278 0.3150274547812132 0.151692229187189
763 0.8075401223859872 0.2194594593512402 -0.1794527972742445
764 0.7833340560309687 0.3046013124136947 -0.1965529844905663
765 0.1049127289750935 0.6297886685933329 -0.628484789129357
766 0.2341386377912056 0.6344447433880833 -0.5481549778452047
767 0.1292259088161121 0.5720718217604117 -0.4860707188564723
768 0.1154872840881901 0.4388724451944482 -0.6061971393594403
769 0.2447131929043022 0.4435285199891987 -0.5258673280752879
770 0.2204000130632836 0.50124536682212 -0.6682813983481728
771 0.1292259088161121 0.4760746750408221 -0.3160765469051534
772 0.2625869400209633 0.6189323924812471 -0.2815020891345513
773 0.2533571480890114 0.4124951875504941 -0.3041110243043108
774 0.4606514911147567 0.4378789827038979 -0.5201743327373217
775 0.1898041561253334 0.3754491256076357 0.3971946370951369
776 0.1423019044091529 0.3322697337335318 0.5301473997869053
777 0.3777579381124747 0.1277579381114625 0.04888411638010701
778 0.3307868676083471 0.3307868676080487 0.01181528331035072
779 0.4383361153200651 0.2779559700258987 0.1116039519505392
780 0.6146947219930838 0.5802461918744866 -0.2295672016862503
781 0.6831835559783421 0.4769095943616603 -0.1846468013343409
782 0.6446233330508044 0.5998644651461571 -0.04839725753488701
783 0.6003207111962898 0.4111069113907482 -0.06675783280155483
784 0.2518891773843439 0.2518891773843756 -0.05235645413804385
785 0.6487607444736598 0.105383597165419 0.2638768792386826
786 0.3009663042330124 0.2904157902120635 -0.3120854657956834
787 0.3154839813238537 0.1277579381114625 0.1437993107945585
788 0.1132060931194767 0.09491519441458056 -0.3754367699746876
789 0.1768350649601131 0.261199745353731 -0.3985709384891029
790 0.2900411580795898 0.1662845509391504 -0.3985556220406498
791 0.2286933772076668 0.1551645717116176 -0.5107076010522452
792 0.2923223490483032 0.321449122650768 -0.5338417695666605
793 0.1154872840881901 0.2500797661261982 -0.5107229175006984
794 0.7384969150565749 0.4003658314826443 -0.1948162066443183
795 0.7313646780858396 0.4839727606458741 0.03474585549894955
796 0.6999366921290372 0.5233207022671411 -0.05856666284486441
797 0.2322445591711291 0.7978872942561019 0.1405871649043329
798 0.323799430379901 0.77435432395769 0.1349262124243733
799 0.26238832532134 0.798584255267216 0.06010130684352509
800 0.1144692068196478 0.4449717009384644 0.474831558994547
801 0.1277579381114445 0.316680726507272 0.1611413424834834
802 0.08727720972332806 0.09491519441458056 -0.4726786004840075
803 0.2027644938115181 0.1551645717116176 -0.6079494315615651
804 0.3322548383130146 0.4913928777741672 -0.2399392868559163
805 0.1277579381114445 0.377757938110809 0.04888411638010701
806 0.2788857964544468 0.4388782372878079 0.1089854232236321
807 0.3771389266141391 0.1234597729486488 0.4327988607371122
808 0.6960123731708966 0.09766771023158974 -0.5483721547595866
809 0.5147788299855265 0.1052655908663712 -0.5843848736969658
810 0.2986227856869783 0.797999263680035 -0.143415749984151
811 0.244621498183189 0.8180324002945366 -0.07863163534839138
812 0.3503029007640704 0.7810528781546636 -0.07863163534839138
813 0.5078271616951101 0.1234597729486488 0.4343404621252279
814 0.5347680592312991 0.5190070495806994 -0.4557535261122029
815 0.3541567878399048 0.5141492286729317 0.0230324737737688
816 0.1511278583430023 0.5611202991756921 0.06010130684352509
817 0.2844888895478535 0.6416887433800115 -0.01853032850486629
818 0.4451059321348365 0.7214841854371876 -0.07863163534839138
819 0.5926251450643614 0.6579466323211441 0.03474585549894955
820 0.1919782871406331 0.232255119077786 -0.8110605729584879
821 0.2044414954639577 0.3200086797059098 -0.7865845880371105
822 0.2784504949840846 0.2471171925287759 -0.786664543443832
823 0.6717959853689235 0.5787757920163215 0.03474585549894955
824 0.3266937999281688 0.5625213230233067 -0.5714408891879821
825 0.3129551752002468 0.4293219464573433 -0.69156730969095
826 0.3060609737762252 0.4546484992167314 -0.4137153490636925
827 0.3798639944570156 0.3693134804357366 -0.2479137283472888
828 0.3801775418927675 0.535776566093533 -0.3492945424385737
829 0.6262608935628355 0.6130255782639458 0.139626184665737
830 0.3243406241633546 0.141749724474632 0.5678938315810774
831 0.4459715532488641 0.1234597729486488 0.5234367905329097
832 0.2491312392734198 0.1241312392729131 -0.1012405705181509
833 0.1007109271817035 0.5423063570599267 -0.6991138780211605
834 0.2161982112698936 0.4137630552887137 -0.7389104872399761
835 0.8133751843319125 0.2702130200321959 0.2498598402653949
836 0.8378688993788254 0.1825336601490681 0.2371940360787186
837 0.1007109271817035 0.4648740828680318 -0.7616177685802743
838 0.1154872840881901 0.3614401710025534 -0.6687010299185541
839 0.4918593817711122 0.1012390342043916 0.7661369946246737
840 0.3686064674492496 0.141749724474632 0.6443048535462771
841 0.4078567231401685 0.2429887586790236 0.7009224911227221
842 0.529487652225678 0.2246988071530404 0.6564654500745544
843 0.4902373965347591 0.1234597729486488 0.5998478124981094
844 0.8624639560911518 0.1112604669778669 0
845 0.6855781772087943 0.1501980319144362 0.06271983557043218
846 0.6944404670620874 0.1440760203031257 -0.1015036883005044
847 0.2641122746834411 0.1662845509391504 -0.4957974525499697
848 0.1292259088161121 0.5733165055501694 -0.290147663508539
849 0.2881037889305266 0.7825814655308425 -0.2260728354321208
850 0.2084429870811502 0.7940455097449044 -0.2505377423343624
851 0.2839686665417875 0.7403769696047575 -0.3503116538698894
852 0.2043078646924111 0.7518410138188194 -0.3747765607721311
853 0.879608671524843 0.07715006298364914 0.2038000631135382
854 0.7021036875906435 0.1501980319144362 0.1902133092538898
855 0.7413112486180281 0.105383597165419 0.2883809203320957
856 0.6700080810713166 0.5037024289954706 -0.2397366069962277
857 0.252757938111965 0.1277579381114625 0.04888411638010701
858 0.6351256470409714 0.3158468598913504 0.5193199774008235
859 0.7209785517823142 0.2977706841081205 0.4351192900754666
860 0.3743029560721698 0.4404419256848761 -0.5794153306793546
861 0.4130423349707557 0.5599583800423285 -0.5121998912459491
862 0.3680697279022216 0.761604733127343 0.06010130684352509
863 0.08727720972332806 0.1029894325900803 -0.5839275635092964
864 0.1154872840881901 0.258154004301698 -0.6219718805259873
865 0.3588737847143147 0.1662845509391504 -0.4891935518364472
866 0.2975260038423918 0.1551645717116176 -0.6013455308480427
867 0.3990928707140092 0.7305768453549222 0.172215349263669
868 0.5288452565053831 0.6864874372661993 0.1468598979190935
869 0.4628727592729876 0.7020360404098671 0.06010130684352509
870 0.3690988199094007 0.7613775579484845 -0.1726061132192109
871 0.4218164998363094 0.6218988443884935 -0.4334029224814275
872 0.5435422240968528 0.5809475139268645 -0.3769565573476812
873 0.5153949910697408 0.3768600226311187 -0.6100064376739706
874 0.4543892154268563 0.3556810671818169 -0.5811051459037992
875 0.8630996553242472 0.07538343904811447 -0.07794910897374012
876 0.5091327153818405 0.2946621071090377 -0.6709372508404481
877 0.429046456027154 0.3794229656120969 -0.6692474356160034
878 0.1629460415695273 0.2219310556091774 0.85374115994499
879 0.09013096408900272 0.294549134122332 0.8531437176896912
880 0.3052479459786803 0.2361307173502102 0.7527306839930739
881 0.2324328684981556 0.3087487958633648 0.7521332417377751
882 0.1423019044091529 0.2692997872082312 0.6801008259962416
883 0.8084561523367189 0.08878916871238504 -0.3735390832413422
884 0.7821924637687883 0.2328651890155108 -0.2687671722507214
885 0.7263834043468214 0.4094348878890013 0.1622299636427638
886 0.6966854712725769 0.5262677470621876 0.1342559835712812
887 0.3470658490032874 0.2604301625779888 -0.6236738745033094
888 0.2137948078949736 0.07709054736616831 -0.8598985790688607
889 0.3002670157384251 0.09195262081715824 -0.8355025495542048
890 0.2527910889307207 0.1551645717116176 -0.6948317546886287
891 0.6184154732995684 0.1440760203031257 -0.2044931208905489
892 0.1277579381114445 0.2527579381111681 0.04888411638010701
893 0.1241312392728993 0.2491312392726187 -0.1012405705181509
894 0.08111670082812678 0.8629320032390305 0.2136630919019916
895 0.2136996489111 0.8173168832371603 -0.1600052404271014
896 0.6269131446030163 0.09456153883391885 -0.6343067494318932
897 0.5752914444476843 0.19982712970029 -0.6512758761632902
898 0.3319465464017465 0.6413162694499989 -0.4932650165380756
899 0.1768350649601131 0.3539952777023915 -0.324050988396526
900 0.1768350649601131 0.3555368790906893 -0.4547392234769957
901 0.1292259088161121 0.47761627642912 -0.4467647819856232
902 0.06470893769175196 0.843589438227995 0.2984865062905425
903 0.0915063509459504 0.09524621562777015 0.279442464879855
904 0.2192642890573949 0.1277579381114625 0.1403904673258391
905 0.7354868583263754 0.3394349851124652 0.2461373599651777
906 0.7746944193537602 0.2946205503634479 0.3443049710433836
907 0.07649100305244301 0.2045840210495952 -0.8795892090510393
908 0.08895421137576756 0.2923375816777192 -0.855113224129662
909 0.1154872840881901 0.2826580453950445 -0.7145223846708075
910 0.4028586235735461 0.1012390342043916 0.78321219650006
911 0.2796057092516835 0.141749724474632 0.6613800554216634
912 0.1154872840881901 0.3444168998631565 -0.5668912024885913
913 0.1373038048425306 0.1275500627335992 0.7623905313735796
914 0.3002498464120579 0.09438099287557822 0.8350203893704118
915 0.4136172846692989 0.1052655908663712 -0.579025656773096
916 0.3928330856222359 0.387958045845322 0.1195235792606381
917 0.0915063509459504 0.09150635094587048 0.1830127018916026
918 0.1277579381114445 0.219264289057333 0.1403904673259775
919 0.3930414345549333 0.3445610879542841 -0.6932571249153947
920 0.2413472631042024 0.7078225078268515 -0.4508287541784954
921 0.8630831611429939 0.07715006298364914 0.07630658943008052
922 0.09352070036504705 0.4650165669274667 0.7596310956113942
923 0.2358226047742 0.4004846378062419 0.7070498135910239
924 0.1423019044091529 0.3480313780704888 0.6316716320646957
925 0.1144692068196478 0.4607333452754214 0.5763557912723374
926 0.2079899071846948 0.5131866050111745 0.6517339727986657
927 0.5487550838014448 0.1012390342043916 0.6950851895833439
928 0.5471330985650915 0.1234597729486488 0.5287960074567795
929 0.07508195587629898 0.8353119459407982 -0.3092099118282203
930 0.1333610312048512 0.7024033246032259 -0.2159354401906406
931 0.1292259088161121 0.6601988286771409 -0.3401742586284092
932 0.1241312392728993 0.2190464336874937 -0.2889666137297212
933 0.1241312392728993 0.3133835674244519 -0.345134898717614
934 0.3084140644030683 0.4390777132103557 0.6556091276541109
935 0.2805813668135631 0.5517796804152884 0.6002932868617528
936 0.6660295019068294 0.4436336409988361 -0.344433363355552
937 0.440570068518733 0.3315310508206094 0.6431256474030087
938 0.5622009976042425 0.3132410992946262 0.598668606354841
939 0.2134561950480113 0.07777543881122728 0.8598428665879577
940 0.0761523902054807 0.2053255015448265 0.8785636371625358
941 0.237337332392376 0.1241312392729131 -0.2889512972812681
942 0.1373038048425306 0.1274934736834269 -0.7633603907811802
943 0.4192173407491592 0.2910177727169328 -0.7252801287250892
944 0.4901709189077476 0.2026730305489994 -0.7173804741030068
945 0.3945417758109918 0.1972182116835294 -0.7643446693688853
946 0.3031260599222521 0.3409167535621792 -0.7476000028000358
947 0.09013096408900272 0.3732807249845895 0.8047145237581453
948 0.1292259088161121 0.566712604836638 -0.384909173539831
949 0.08111670082812678 0.8617669950794271 0.08048585806080781
950 0.1112604669783378 0.8624639560905412 0
951 0.1511278583430023 0.686120299176016 0.06010130684352509
952 0.1333610312048512 0.7055684442033366 -0.07863163534839138
953 0.08326255744050928 0.5394191038805701 0.705563914861985
954 0.197731764260157 0.587589141964278 0.5976667920492564
955 0.08326255744050928 0.6208042058443837 0.6459347413640686
956 0.1144692068196478 0.542118447239235 0.5167266177744211
957 0.8542775070888973 0.08878916871238504 -0.2947569576336746
958 0.7109659774439366 0.1440760203031257 -0.228997161983962
959 0.1049127289750935 0.7008404736346772 -0.5715890870989327
960 0.1292259088161121 0.6431236268017559 -0.429175016826048
961 0.3688823697576279 0.1052655908663712 -0.6725118806136821
962 0.3509016297279204 0.6904721668669564 -0.4007816846476479
963 0.3550367521166595 0.7326766627930414 -0.2765428662098793
964 0.4726273539884638 0.6495208364053273 -0.3443353195139016
965 0.6178587009305421 0.5438100935885408 -0.3123389460778446
966 0.1373038048425306 0.103266323536021 0.6695382881852497
967 0.1423019044091529 0.245016048010653 0.5872485828079117
968 0.08727720972332807 0.09524621562777015 0.47288867120656
969 0.229579114132481 0.141749724474632 0.5744977322945999
970 0.8796251657060963 0.07538343904811447 -0.2054425826571977
971 0.1121213542880903 0.7912934399488303 -0.3852621052345847
972 0.8137144931174978 0.1983864278016838 0.3225060838404862
973 0.3958961588351808 0.0974074396826282 -0.7885383542883262
974 0.484896917032747 0.0974074396826282 -0.7714631524129397
975 0.457883127955194 0.1052655908663712 -0.6554366787382957
976 0.341303388804493 0.3420112316246605 0.7022117934473151
977 0.08727720972332807 0.103266323536021 0.5826559650581862
978 0.6347906263296194 0.1019111225392433 0.6242931652562601
979 0.6155231947538526 0.2253708954878921 0.5856734257474706
980 0.389250604609624 0.09438099287557822 0.8179451874950254
981 0.08033861770624881 0.8585833194330541 -0.2186774099209592
982 0.1373038048425306 0.1029894325900803 -0.6708098866363601
983 0.6972945168890347 0.1019111225392433 0.5468608910646008
984 0.6096369891245068 0.1234597729486488 0.4513637332651201
985 0.1250000000005205 0.1249999999997056 0
986 0.08033861770624881 0.8617484390331649 -0.08137360507871005
987 0.6863475349158004 0.4404734960757146 -0.2674185457259353
988 0.1121213542880903 0.7742182380734454 -0.4742628634322235
989 0.0915063509459504 0.09150635094587048 -0.1830127018916026
990 0.1250000000005205 0.09150635094587048 -0.09150635094587051
991 0.1241312392728993 0.2156375902187836 -0.1927469214640214
992 0.2156375902188497 0.1241312392729131 -0.1927469214638829
993 0.7637750568222513 0.1016810252663526 0.4609865937082334
994 0.6820037346870693 0.2251407982150014 0.4997991283911031
995 0.1369396807998981 0.6604925320172521 0.586221606296719
996 0.1369396807998981 0.729376253056621 0.5286705057291781
997 0.2514088876195458 0.6272774681371465 0.5379536569819069
998 0.5778949242992868 0.1019111225392433 0.69534497029759
999 0.8554542652635155 0.09300283063626477 0.2891121108753058
1000 0.1333610312048512 0.608917100762723 -0.2606703551020624
1001 0.3892677739359912 0.09195262081715824 -0.8184273476788184
1002 0.07508195587629898 0.8182367440654132 -0.3982106700258591
1003 0.6954898938658497 0.105383597165419 0.3671630459397633
1004 0.7678566394284121 0.2070646224317715 0.4155984410657463
1005 0.1250000000005205 0.09150635094587048 0.09150635094587051
1006 0.08895421137576756 0.371119707285228 -0.8092918693774086
1007 0.0761523902054807 0.07777543881122728 0.8630079861881276
1008 0.07649100305244301 0.07709054736616831 -0.8630636986690305
1009 0.5700174425726838 0.09456153883391885 -0.705358554473223
1010 0.0915063509459504 0.09491519441458056 -0.2792323941573024
1011 0.06470893769175196 0.8239749066677603 0.3902554554264343
1012 0.8002701721874688 0.105383597165419 0.3778293162068898
$EndNodes
$Elements
856
1 15 2 1 4 4
2 15 2 1 5 5
3 8 2 1 3 1 20 23
4 8 2 1 3 20 21 24
5 8 2 1 3 21 22 25
6 8 2 1 3 22 4 26
7 8 2 1 4 1 27 30
8 8 2 1 4 27 28 31
9 8 2 1 4 28 29 32
10 8 2 1 4 29 5 33
11 8 2 2 6 5 47 53
12 8 2 2 6 47 48 54
13 8 2 2 6 48 49 55
14 8 2 2 6 49 50 56
15 8 2 2 6 50 51 57
16 8 2 2 6 51 52 58
17 8 2 2 6 52 3 59
18 8 2 2 7 4 60 66
19 8 2 2 7 60 61 67
20 8 2 2 7 61 62 68
21 8 2 2 7 62 63 69
22 8 2 2 7 63 64 70
23 8 2 2 7 64 65 71
24 8 2 2 7 65 3 72
25 8 2 5 8 2 73 79
26 8 2 5 8 73 74 80
27 8 2 5 8 74 75 81
28 8 2 5 8 75 76 82
29 8 2 5 8 76 77 83
30 8 2 5 8 77 78 84
31 8 2 5 8 78 5 85
32 8 2 5 9 2 86 92
33 8 2 5 9 86 87 93
34 8 2 5 9 87 88 94
35 8 2 5 9 88 89 95
36 8 2 5 9 89 90 96
37 8 2 5 9 90 91 97
38 8 2 5 9 91 4 98
39 9 2 3 11 87 88 115 94 130 131
40 9 2 3 11 86 87 118 93 132 133
41 9 2 3 11 87 115 118 131 134 132
42 9 2 3 11 89 90 114 96 135 136
43 9 2 3 11 90 91 102 97 137 138
44 9 2 3 11 90 102 114 138 139 135
45 9 2 3 11 64 65 128 71 140 141
46 9 2 3 11 65 126 128 142 143 140
47 9 2 3 11 3 126 65 144 142 72
48 9 2 3 11 4 124 91 145 146 98
49 9 2 3 11 4 60 124 66 147 145
50 9 2 3 11 104 105 121 148 149 150
51 9 2 3 11 104 127 105 151 152 148
52 9 2 3 11 104 107 128 153 154 155
53 9 2 3 11 104 121 107 150 156 153
54 9 2 3 11 104 128 126 155 143 157
55 9 2 3 11 104 126 127 157 158 151
56 9 2 3 11 91 124 102 146 159 137
57 9 2 3 11 102 124 120 159 160 161
58 9 2 3 11 60 120 124 162 160 147
59 9 2 3 11 113 125 117 163 164 165
60 9 2 3 11 113 117 120 165 166 167
61 9 2 3 11 100 125 113 168 163 169
62 9 2 3 11 62 100 113 170 169 171
63 9 2 3 11 61 62 113 68 171 172
64 9 2 3 11 61 113 120 172 167 173
65 9 2 3 11 103 123 118 174 175 176
66 9 2 3 11 34 123 103 177 174 178
67 9 2 3 11 103 118 122 176 179 180
68 9 2 3 11 34 103 35 178 181 41
69 9 2 3 11 103 122 116 180 182 183
70 9 2 3 11 35 103 116 181 183 184
71 9 2 3 11 112 117 125 185 164 186
72 9 2 3 11 112 119 117 187 188 185
73 9 2 3 11 114 117 119 189 188 190
74 9 2 3 11 102 120 117 161 166 191
75 9 2 3 11 102 117 114 191 189 139
76 9 2 3 11 63 64 107 70 192 193
77 9 2 3 11 64 128 107 141 154 192
78 9 2 3 11 100 129 125 194 195 168
79 9 2 3 11 111 125 129 196 195 197
80 9 2 3 11 111 112 125 198 186 196
81 9 2 3 11 105 106 121 199 200 149
82 9 2 3 11 101 106 105 201 199 202
83 9 2 3 11 37 101 105 203 202 204
84 9 2 3 11 37 105 38 204 205 44
85 9 2 3 11 38 105 127 205 152 206
86 9 2 3 11 88 89 99 95 207 208
87 9 2 3 11 88 99 115 208 209 130
88 9 2 3 11 86 118 123 133 175 210
89 9 2 3 11 2 86 123 92 210 211
90 9 2 3 11 2 123 34 211 177 40
91 9 2 3 11 63 129 100 212 194 213
92 9 2 3 11 62 63 100 69 213 170
93 9 2 3 11 63 107 129 193 214 212
94 9 2 3 11 111 129 121 197 215 216
95 9 2 3 11 107 121 129 156 215 214
96 9 2 3 11 60 61 120 67 173 162
97 9 2 3 11 106 111 121 217 216 200
98 9 2 3 11 106 109 111 218 219 217
99 9 2 3 11 101 108 106 220 221 201
100 9 2 3 11 106 108 109 221 222 218
101 9 2 3 11 115 122 118 223 179 134
102 9 2 3 11 36 101 37 224 203 43
103 9 2 3 11 36 116 101 225 226 224
104 9 2 3 11 35 116 36 184 225 42
105 9 2 3 11 89 114 99 136 227 207
106 9 2 3 11 109 112 111 228 198 219
107 9 2 3 11 108 122 110 229 230 231
108 9 2 3 11 110 122 115 230 223 232
109 9 2 3 11 108 116 122 233 182 229
110 9 2 3 11 109 110 119 234 235 236
111 9 2 3 11 99 119 110 237 235 238
112 9 2 3 11 108 110 109 231 234 222
113 9 2 3 11 99 110 115 238 232 209
114 9 2 3 11 101 116 108 226 233 220
115 9 2 3 11 3 39 126 46 239 144
116 9 2 3 11 109 119 112 236 187 228
117 9 2 3 11 38 127 39 206 240 45
118 9 2 3 11 99 114 119 227 190 237
119 9 2 3 11 39 127 126 240 158 239
120 9 2 3 13 252 255 254 272 273 274
121 9 2 3 13 254 255 261 273 275 276
122 9 2 3 13 252 254 253 274 277 278
123 9 2 3 13 253 254 267 277 279 280
124 9 2 3 13 254 261 267 276 281 279
125 9 2 3 13 252 257 255 282 283 272
126 9 2 3 13 255 257 262 283 284 285
127 9 2 3 13 242 257 264 286 287 288
128 9 2 3 13 251 264 257 289 287 290
129 9 2 3 13 251 257 252 290 282 291
130 9 2 3 13 242 262 257 292 284 286
131 9 2 3 13 244 255 262 293 285 294
132 9 2 3 13 244 261 255 295 275 293
133 9 2 3 13 48 258 49 296 297 55
134 9 2 3 13 49 258 243 297 298 299
135 9 2 3 13 49 243 50 299 300 56
136 9 2 3 13 37 271 241 301 302 303
137 9 2 3 13 241 271 267 302 304 305
138 9 2 3 13 36 241 256 306 307 308
139 9 2 3 13 241 267 256 305 309 307
140 9 2 3 13 36 37 241 43 303 306
141 9 2 3 13 74 260 244 310 311 312
142 9 2 3 13 74 244 75 312 313 81
143 9 2 3 13 244 260 261 311 314 295
144 9 2 3 13 75 244 262 313 294 315
145 9 2 3 13 2 34 265 40 316 317
146 9 2 3 13 34 247 265 318 319 316
147 9 2 3 13 2 265 73 317 320 79
148 9 2 3 13 73 265 260 320 321 322
149 9 2 3 13 247 260 265 323 321 319
150 9 2 3 13 242 264 259 288 324 325
151 9 2 3 13 246 259 264 326 324 327
152 9 2 3 13 246 264 258 327 328 329
153 9 2 3 13 251 258 264 330 328 289
154 9 2 3 13 250 263 271 331 332 333
155 9 2 3 13 253 271 263 334 332 335
156 9 2 3 13 37 250 271 336 333 301
157 9 2 3 13 253 267 271 280 304 334
158 9 2 3 13 35 36 256 42 308 337
159 9 2 3 13 256 267 261 309 281 338
160 9 2 3 13 35 256 247 337 339 340
161 9 2 3 13 247 256 261 339 338 341
162 9 2 3 13 78 259 266 342 343 344
163 9 2 3 13 77 259 78 345 342 84
164 9 2 3 13 77 242 259 346 325 345
165 9 2 3 13 246 266 259 347 343 326
166 9 2 3 13 245 263 250 348 331 349
167 9 2 3 13 245 248 263 350 351 348
168 9 2 3 13 248 249 263 352 353 351
169 9 2 3 13 249 253 263 354 335 353
170 9 2 3 13 249 252 253 355 278 354
171 9 2 3 13 249 251 252 356 291 355
172 9 2 3 13 37 38 250 44 357 336
173 9 2 3 13 245 250 270 349 358 359
174 9 2 3 13 245 269 248 360 361 350
175 9 2 3 13 245 270 268 359 362 363
176 9 2 3 13 245 268 269 363 364 360
177 9 2 3 13 34 35 247 41 340 318
178 9 2 3 13 5 78 266 85 344 365
179 9 2 3 13 73 260 74 322 310 80
180 9 2 3 13 76 262 242 366 292 367
181 9 2 3 13 76 242 77 367 346 83
182 9 2 3 13 5 266 47 365 368 53
183 9 2 3 13 47 266 246 368 347 369
184 9 2 3 13 247 261 260 341 314 323
185 9 2 3 13 48 246 258 370 329 296
186 9 2 3 13 243 258 251 298 330 371
187 9 2 3 13 38 270 250 372 358 357
188 9 2 3 13 3 268 39 373 374 46
189 9 2 3 13 3 52 268 59 375 373
190 9 2 3 13 47 246 48 369 370 54
191 9 2 3 13 75 262 76 315 366 82
192 9 2 3 13 38 39 270 45 376 372
193 9 2 3 13 243 249 248 377 352 378
194 9 2 3 13 243 251 249 371 356 377
195 9 2 3 13 50 248 51 379 380 57
196 9 2 3 13 50 243 248 300 378 379
197 9 2 3 13 51 248 269 380 361 381
198 9 2 3 13 39 268 270 374 362 376
199 9 2 3 13 51 269 52 381 382 58
200 9 2 3 13 52 269 268 382 364 375
201 9 2 2 15 64 386 65 395 396 71
202 9 2 2 15 15 65 386 397 396 398
203 9 2 2 15 65 15 3 397 19 72
204 9 2 2 15 4 22 60 26 399 66
205 9 2 2 15 20 393 387 400 401 402
206 9 2 2 15 1 393 20 403 400 23
207 9 2 2 15 20 387 21 402 404 24
208 9 2 2 15 13 384 393 405 406 407
209 9 2 2 15 1 13 393 16 407 403
210 9 2 2 15 384 387 393 408 401 406
211 9 2 2 15 63 391 64 409 410 70
212 9 2 2 15 64 391 386 410 411 395
213 9 2 2 15 384 389 388 412 413 414
214 9 2 2 15 384 388 387 414 415 408
215 9 2 2 15 385 388 390 416 417 418
216 9 2 2 15 383 390 388 419 417 420
217 9 2 2 15 383 388 389 420 413 421
218 9 2 2 15 385 387 388 422 415 416
219 9 2 2 15 61 394 390 423 424 425
220 9 2 2 15 60 394 61 426 423 67
221 9 2 2 15 385 390 394 418 424 427
222 9 2 2 15 22 385 394 428 427 429
223 9 2 2 15 22 394 60 429 426 399
224 9 2 2 15 13 14 384 17 430 405
225 9 2 2 15 14 392 384 431 432 430
226 9 2 2 15 14 15 392 18 433 431
227 9 2 2 15 61 390 62 425 434 68
228 9 2 2 15 62 383 63 435 436 69
229 9 2 2 15 63 383 391 436 437 409
230 9 2 2 15 386 389 392 438 439 440
231 9 2 2 15 386 391 389 411 441 438
232 9 2 2 15 15 386 392 398 440 433
233 9 2 2 15 384 392 389 432 439 412
234 9 2 2 15 62 390 383 434 419 435
235 9 2 2 15 383 389 391 421 441 437
236 9 2 2 15 21 385 22 442 428 25
237 9 2 2 15 21 387 385 404 422 442
238 9 2 2 17 49 443 450 455 456 457
239 9 2 2 17 48 49 450 55 457 458
240 9 2 2 17 49 50 443 56 459 455
241 9 2 2 17 443 448 450 460 461 456
242 9 2 2 17 445 450 448 462 461 463
243 9 2 2 17 48 450 453 458 464 465
244 9 2 2 17 445 453 450 466 464 462
245 9 2 2 17 13 444 14 467 468 17
246 9 2 2 17 14 454 15 469 470 18
247 9 2 2 17 14 444 454 468 471 469
248 9 2 2 17 13 452 444 472 473 467
249 9 2 2 17 1 452 13 474 472 16
250 9 2 2 17 446 454 449 475 476 477
251 9 2 2 17 15 454 446 470 475 478
252 9 2 2 17 446 449 451 477 479 480
253 9 2 2 17 15 446 52 478 481 482
254 9 2 2 17 51 52 446 58 481 483
255 9 2 2 17 51 446 451 483 480 484
256 9 2 2 17 444 449 454 485 476 471
257 9 2 2 17 443 449 448 486 487 460
258 9 2 2 17 444 448 449 488 487 485
259 9 2 2 17 445 448 447 463 489 490
260 9 2 2 17 444 447 448 491 489 488
261 9 2 2 17 28 29 445 32 492 493
262 9 2 2 17 28 445 447 493 490 494
263 9 2 2 17 27 28 447 31 494 495
264 9 2 2 17 443 451 449 496 479 486
265 9 2 2 17 50 451 443 497 496 459
266 9 2 2 17 47 48 453 54 465 498
267 9 2 2 17 29 453 445 499 466 492
268 9 2 2 17 29 47 453 500 498 499
269 9 2 2 17 29 5 47 33 53 500
270 9 2 2 17 3 15 52 19 482 59
271 9 2 2 17 50 51 451 57 484 497
272 9 2 2 17 27 447 452 495 501 502
273 9 2 2 17 1 27 452 30 502 474
274 9 2 2 17 444 452 447 473 501 491
275 9 2 4 19 87 510 88 515 516 94
276 9 2 4 19 87 513 510 517 518 515
277 9 2 4 19 86 513 87 519 517 93
278 9 2 4 19 504 514 509 520 521 522
279 9 2 4 19 21 514 504 523 520 524
280 9 2 4 19 506 509 514 525 521 526
281 9 2 4 19 21 22 514 25 527 523
282 9 2 4 19 22 506 514 528 526 527
283 9 2 4 19 20 504 512 529 530 531
284 9 2 4 19 20 21 504 24 524 529
285 9 2 4 19 504 507 512 532 533 530
286 9 2 4 19 504 509 508 522 534 535
287 9 2 4 19 504 508 507 535 536 532
288 9 2 4 19 89 511 90 537 538 96
289 9 2 4 19 90 511 506 538 539 540
290 9 2 4 19 90 506 91 540 541 97
291 9 2 4 19 505 510 513 542 518 543
292 9 2 4 19 505 508 510 544 545 542
293 9 2 4 19 6 505 513 546 543 547
294 9 2 4 19 6 7 505 10 548 546
295 9 2 4 19 7 507 505 549 550 548
296 9 2 4 19 505 507 508 550 536 544
297 9 2 4 19 22 4 91 26 98 551
298 9 2 4 19 88 510 503 516 552 553
299 9 2 4 19 503 510 508 552 545 554
300 9 2 4 19 1 20 512 23 531 555
301 9 2 4 19 6 86 2 556 92 9
302 9 2 4 19 6 513 86 547 519 556
303 9 2 4 19 88 503 89 553 557 95
304 9 2 4 19 503 509 511 558 559 560
305 9 2 4 19 506 511 509 539 559 525
306 9 2 4 19 89 503 511 557 560 537
307 9 2 4 19 8 512 507 561 533 562
308 9 2 4 19 1 512 8 555 561 12
309 9 2 4 19 503 508 509 554 534 558
310 9 2 4 19 7 8 507 11 562 549
311 9 2 4 19 22 91 506 551 541 528
312 9 2 4 21 563 571 569 575 576 577
313 9 2 4 21 76 571 563 578 575 579
314 9 2 4 21 563 569 568 577 580 581
315 9 2 4 21 563 568 570 581 582 583
316 9 2 4 21 75 563 570 584 583 585
317 9 2 4 21 75 76 563 82 579 584
318 9 2 4 21 566 574 569 586 587 588
319 9 2 4 21 29 574 566 589 586 590
320 9 2 4 21 564 569 574 591 587 592
321 9 2 4 21 28 564 574 593 592 594
322 9 2 4 21 28 574 29 594 589 32
323 9 2 4 21 2 73 6 79 595 9
324 9 2 4 21 6 565 7 596 597 10
325 9 2 4 21 6 73 573 595 598 599
326 9 2 4 21 6 573 565 599 600 596
327 9 2 4 21 564 567 568 601 602 603
328 9 2 4 21 565 568 567 604 602 605
329 9 2 4 21 7 567 8 606 607 11
330 9 2 4 21 8 567 572 607 608 609
331 9 2 4 21 7 565 567 597 605 606
332 9 2 4 21 564 572 567 610 608 601
333 9 2 4 21 566 569 571 588 576 611
334 9 2 4 21 77 566 571 612 611 613
335 9 2 4 21 76 77 571 83 613 578
336 9 2 4 21 564 568 569 603 580 591
337 9 2 4 21 565 570 568 614 582 604
338 9 2 4 21 77 78 566 84 615 612
339 9 2 4 21 29 566 78 590 615 616
340 9 2 4 21 74 570 573 617 618 619
341 9 2 4 21 74 75 570 81 585 617
342 9 2 4 21 565 573 570 600 618 614
343 9 2 4 21 29 78 5 616 85 33
344 9 2 4 21 73 74 573 80 619 598
345 9 2 4 21 1 8 572 12 609 620
346 9 2 4 21 27 564 28 621 593 31
347 9 2 4 21 27 572 564 622 610 621
348 9 2 4 21 1 572 27 620 622 30
349 11 2 123 23 570 630 244 636 641 642 643 644 645 646
350 11 2 123 23 244 630 255 636 642 647 293 645 648 646
351 11 2 123 23 255 630 254 635 647 649 273 650 651 652
352 11 2 123 23 255 630 625 636 647 653 654 648 655 646
353 11 2 123 23 112 624 109 631 656 657 228 658 659 660
354 11 2 123 23 107 627 104 632 661 662 153 663 664 665
355 11 2 123 23 106 627 624 632 666 667 668 669 670 665
356 11 2 123 23 570 568 630 636 582 671 641 644 646 672
357 11 2 123 23 106 121 627 632 200 673 666 669 665 674
358 11 2 123 23 112 624 631 632 656 660 658 675 676 670
359 11 2 123 23 104 627 121 632 662 673 150 664 674 665
360 11 2 123 23 109 624 112 632 657 656 228 677 675 670
361 11 2 123 23 255 625 630 635 654 653 647 650 652 678
362 11 2 123 23 112 631 629 632 658 679 680 675 681 676
363 11 2 123 23 109 112 111 632 228 198 219 677 682 675
364 11 2 123 23 107 104 121 632 153 150 156 663 674 664
365 11 2 123 23 386 104 107 627 683 153 684 685 661 662
366 11 2 123 23 255 254 625 635 273 686 654 650 678 651
367 11 2 123 23 108 624 106 639 687 668 221 688 689 690
368 11 2 123 23 106 624 627 639 668 667 666 689 691 690
369 11 2 123 23 35 34 626 630 41 692 693 694 695 696
370 11 2 123 23 7 567 623 630 606 697 698 699 700 701
371 11 2 123 23 14 628 623 638 702 703 704 705 706 707
372 11 2 123 23 624 108 631 640 687 708 660 709 710 711
373 11 2 123 23 624 626 108 640 712 713 687 709 711 714
374 11 2 123 23 107 386 627 632 684 685 661 663 665 715
375 11 2 123 23 255 261 254 630 275 276 273 647 649 716
376 11 2 123 23 107 391 386 632 717 411 684 663 715 718
377 11 2 123 23 109 111 106 624 219 217 218 657 668 719
378 11 2 123 23 108 626 624 639 713 712 687 688 690 720
379 11 2 123 23 386 391 389 632 411 441 438 715 721 718
380 11 2 123 23 387 624 504 633 722 723 724 725 726 727
381 11 2 123 23 384 392 389 627 432 439 412 728 729 730
382 11 2 123 23 625 630 568 636 653 671 731 655 672 646
383 11 2 123 23 106 624 111 632 668 719 217 669 682 670
384 11 2 123 23 628 635 271 639 732 733 734 735 736 737
385 11 2 123 23 507 624 505 626 738 739 550 740 741 712
386 11 2 123 23 504 624 387 629 723 722 724 742 743 744
387 11 2 123 23 384 627 389 632 728 729 412 745 721 665
388 11 2 123 23 508 626 624 640 746 712 747 748 709 714
389 11 2 123 23 14 444 454 628 468 471 469 702 749 750
390 11 2 123 23 109 111 624 632 219 719 657 677 670 682
391 11 2 123 23 14 444 628 638 468 750 702 705 707 751
392 11 2 123 23 567 623 630 638 697 700 701 752 753 706
393 11 2 123 23 623 635 628 639 754 732 703 755 735 737
394 11 2 123 23 384 624 627 632 756 667 728 745 665 670
395 11 2 123 23 261 255 244 630 275 293 295 716 642 647
396 11 2 123 23 7 623 567 638 698 697 606 757 752 706
397 11 2 123 23 389 627 386 632 729 685 438 721 715 665
398 11 2 123 23 108 109 624 631 222 657 687 708 660 659
399 11 2 123 23 7 623 626 630 698 758 759 699 695 700
400 11 2 123 23 568 567 630 638 602 701 671 760 753 752
401 11 2 123 23 123 103 34 626 174 178 177 761 692 762
402 11 2 123 23 629 631 624 632 679 660 744 681 670 676
403 11 2 123 23 34 247 265 630 318 319 316 696 763 764
404 11 2 123 23 505 507 508 624 550 536 544 739 747 738
405 11 2 123 23 443 243 634 637 765 766 767 768 769 770
406 11 2 123 23 444 634 628 638 771 772 750 751 707 773
407 11 2 123 23 252 255 254 625 272 273 274 774 686 654
408 11 2 123 23 387 624 388 629 722 775 415 743 776 744
409 11 2 123 23 35 247 34 630 340 318 41 694 696 764
410 11 2 123 23 106 108 109 624 221 222 218 668 657 687
411 11 2 123 23 7 626 623 633 759 758 698 777 778 779
412 11 2 123 23 241 635 630 639 780 652 781 782 783 737
413 11 2 123 23 7 633 623 638 777 778 698 757 706 784
414 11 2 123 23 505 626 508 640 741 746 544 785 748 714
415 11 2 123 23 568 630 625 638 671 653 731 760 786 753
416 11 2 123 23 505 624 508 626 739 747 544 741 746 712
417 11 2 123 23 624 626 507 633 712 740 738 727 787 779
418 11 2 123 23 564 447 625 637 788 789 790 791 792 793
419 11 2 123 23 35 256 630 639 337 794 694 795 783 796
420 11 2 123 23 126 39 127 627 239 240 158 797 798 799
421 11 2 123 23 388 629 624 632 776 744 775 800 670 681
422 11 2 123 23 35 630 626 639 694 695 693 795 720 783
423 11 2 123 23 106 111 121 632 217 216 200 669 674 682
424 11 2 123 23 387 384 624 633 408 756 722 725 727 801
425 11 2 123 23 564 574 447 637 592 802 788 791 793 803
426 11 2 123 23 628 634 623 638 772 804 703 707 706 773
427 11 2 123 23 14 623 633 638 704 778 805 705 784 706
428 11 2 123 23 387 384 388 624 408 414 415 722 775 756
429 11 2 123 23 384 627 624 633 728 667 756 801 727 806
430 11 2 123 23 624 629 504 631 744 742 723 660 807 679
431 11 2 123 23 241 630 256 639 781 794 307 782 796 783
432 11 2 123 23 563 570 244 636 583 643 808 809 645 644
433 11 2 123 23 270 38 39 628 372 45 376 810 811 812
434 11 2 123 23 508 624 631 640 747 660 813 748 710 709
435 11 2 123 23 252 625 254 635 774 686 274 814 651 678
436 11 2 123 23 623 627 14 633 815 816 704 778 805 806
437 11 2 123 23 14 627 623 628 816 815 704 702 703 817
438 11 2 123 23 37 628 271 639 818 734 301 819 736 735
439 11 2 123 23 384 388 624 632 414 775 756 745 670 800
440 11 2 123 23 271 635 241 639 733 780 302 736 782 737
441 11 2 123 23 266 259 246 637 343 326 347 820 821 822
442 11 2 123 23 35 36 256 639 42 308 337 795 796 823
443 11 2 123 23 243 251 634 637 371 824 766 770 769 825
444 11 2 123 23 625 634 623 635 826 804 827 678 754 828
445 11 2 123 23 101 108 106 639 220 221 201 829 689 688
446 11 2 123 23 504 629 509 631 742 830 522 807 831 679
447 11 2 123 23 7 507 626 633 549 740 759 777 779 787
448 11 2 123 23 508 624 504 631 747 723 535 813 807 660
449 11 2 123 23 126 127 104 627 158 151 157 797 662 798
450 11 2 123 23 7 567 8 638 606 607 11 757 832 752
451 11 2 123 23 443 258 243 637 833 298 765 768 770 834
452 11 2 123 23 103 626 123 640 762 761 174 835 836 714
453 11 2 123 23 450 258 443 637 837 833 456 838 768 834
454 11 2 123 23 114 511 629 631 839 840 841 842 679 843
455 11 2 123 23 34 6 626 630 844 845 692 696 695 846
456 11 2 123 23 564 625 574 637 790 847 592 791 803 792
457 11 2 123 23 444 454 628 634 471 749 750 771 772 848
458 11 2 123 23 245 628 269 634 849 850 360 851 852 772
459 11 2 123 23 513 123 626 640 853 761 854 855 714 836
460 11 2 123 23 504 624 507 633 723 738 532 726 787 727
461 11 2 123 23 256 630 241 635 794 781 307 856 780 652
462 11 2 123 23 7 8 633 638 11 857 777 757 784 832
463 11 2 123 23 34 103 35 626 178 181 41 692 693 762
464 11 2 123 23 110 631 108 640 858 708 231 859 711 710
465 11 2 123 23 623 634 625 638 804 826 827 706 786 773
466 11 2 123 23 252 251 625 634 291 860 774 861 826 824
467 11 2 123 23 39 38 127 627 45 206 240 799 798 862
468 11 2 123 23 445 447 574 637 490 802 863 864 803 793
469 11 2 123 23 574 625 569 637 847 865 587 803 866 792
470 11 2 123 23 106 627 105 639 666 867 199 689 868 691
471 11 2 123 23 37 627 628 639 869 817 818 819 735 691
472 11 2 123 23 37 250 271 628 336 333 301 818 734 870
473 11 2 123 23 384 14 627 633 430 816 728 801 806 805
474 11 2 123 23 504 508 507 624 535 536 532 723 738 747
475 11 2 123 23 623 634 628 635 804 772 703 754 732 828
476 11 2 123 23 625 634 251 637 826 824 860 792 825 769
477 11 2 123 23 253 634 252 635 871 861 278 872 814 828
478 11 2 123 23 255 625 252 636 654 774 272 648 873 655
479 11 2 123 23 37 627 38 628 869 862 44 818 812 817
480 11 2 123 23 508 504 509 631 535 522 534 813 831 807
481 11 2 123 23 386 389 392 627 438 439 440 685 730 729
482 11 2 123 23 252 251 257 625 291 290 282 774 874 860
483 11 2 123 23 6 34 265 630 844 316 875 846 763 696
484 11 2 123 23 257 625 251 636 874 860 290 876 877 655
485 11 2 123 23 102 394 120 629 878 879 161 880 881 882
486 11 2 123 23 260 244 570 630 311 643 883 884 641 642
487 11 2 123 23 108 116 626 639 233 885 713 688 720 886
488 11 2 123 23 38 627 39 628 862 799 45 812 811 817
489 11 2 123 23 384 14 392 627 430 431 432 728 730 816
490 11 2 123 23 251 636 625 637 877 655 860 825 792 887
491 11 2 123 23 266 566 259 637 888 889 343 820 822 890
492 11 2 123 23 7 565 567 630 597 605 606 699 701 891
493 11 2 123 23 509 629 511 631 830 840 559 831 843 679
494 11 2 123 23 14 633 13 638 805 892 17 705 893 784
495 11 2 123 23 108 110 109 631 231 234 222 708 659 858
496 11 2 123 23 252 625 257 636 774 874 282 873 876 655
497 11 2 123 23 126 104 386 627 157 683 894 797 685 662
498 11 2 123 23 270 39 268 628 376 374 362 810 895 811
499 11 2 123 23 262 563 244 636 896 808 294 897 645 809
500 11 2 123 23 252 634 625 635 861 826 774 814 678 828
501 11 2 123 23 252 249 251 634 355 356 291 861 824 898
502 11 2 123 23 563 568 570 636 581 582 583 809 644 672
503 11 2 123 23 105 106 121 627 199 200 149 867 673 666
504 11 2 123 23 444 625 634 638 899 826 771 751 773 786
505 11 2 123 23 448 444 625 634 488 899 900 901 826 771
506 11 2 123 23 386 126 128 104 894 143 902 683 155 157
507 11 2 123 23 253 249 252 634 354 355 278 871 861 898
508 11 2 123 23 504 512 387 633 530 903 724 726 725 904
509 11 2 123 23 108 626 122 640 713 905 229 711 906 714
510 11 2 123 23 453 266 246 637 907 347 908 909 821 820
511 11 2 123 23 630 635 623 639 652 754 700 783 755 737
512 11 2 123 23 506 114 511 629 910 839 539 911 840 841
513 11 2 123 23 448 443 634 637 460 767 901 912 769 768
514 11 2 123 23 506 394 102 629 913 878 914 911 880 882
515 11 2 123 23 625 636 569 637 655 915 865 792 866 887
516 11 2 123 23 37 271 241 639 301 302 303 819 782 736
517 11 2 123 23 36 241 256 639 306 307 308 823 796 782
518 11 2 123 23 624 623 627 639 916 815 667 690 691 755
519 11 2 123 23 387 512 393 633 903 917 401 725 918 904
520 11 2 123 23 257 636 251 637 876 877 290 919 825 887
521 11 2 123 23 448 625 447 637 900 789 489 912 793 792
522 11 2 123 23 624 626 623 639 712 758 916 690 755 720
523 11 2 123 23 245 269 248 634 360 361 350 851 920 852
524 11 2 123 23 122 108 116 626 229 233 182 905 885 713
525 11 2 123 23 123 34 6 626 177 844 921 761 845 692
526 11 2 123 23 390 113 629 632 922 923 924 925 681 926
527 11 2 123 23 565 568 567 630 604 602 605 891 701 671
528 11 2 123 23 624 627 623 633 667 815 916 727 778 806
529 11 2 123 23 243 258 251 637 298 330 371 770 825 834
530 11 2 123 23 106 105 101 639 199 202 201 689 829 868
531 11 2 123 23 564 569 574 625 591 587 592 790 847 865
532 11 2 123 23 623 630 625 635 700 653 827 754 678 652
533 11 2 123 23 623 626 624 633 758 712 916 778 727 779
534 11 2 123 23 114 503 511 631 927 560 839 842 843 928
535 11 2 123 23 446 269 628 634 929 850 930 931 772 852
536 11 2 123 23 625 630 623 638 653 700 827 786 706 753
537 11 2 123 23 447 625 448 638 789 900 489 932 933 786
538 11 2 123 23 125 629 113 632 934 923 163 935 926 681
539 11 2 123 23 254 630 261 635 649 716 276 651 936 652
540 11 2 123 23 119 629 112 631 937 680 187 938 658 679
541 11 2 123 23 37 38 250 628 44 357 336 818 870 812
542 11 2 123 23 506 124 102 394 939 159 914 913 878 940
543 11 2 123 23 447 564 625 638 788 790 789 932 786 941
544 11 2 123 23 102 124 120 394 159 160 161 878 879 940
545 11 2 123 23 112 629 125 632 680 934 186 675 935 681
546 11 2 123 23 107 386 128 104 684 902 154 153 155 683
547 11 2 123 23 266 453 566 637 907 942 888 820 890 909
548 11 2 123 23 264 259 242 636 324 325 288 943 944 945
549 11 2 123 23 264 259 636 637 324 945 943 946 887 822
550 11 2 123 23 448 625 444 638 900 899 488 933 751 786
551 11 2 123 23 390 113 120 629 922 167 947 924 881 923
552 11 2 123 23 448 449 444 634 487 485 488 901 771 948
553 11 2 123 23 126 15 39 627 949 950 239 797 799 951
554 11 2 123 23 262 244 255 636 294 293 285 897 648 645
555 11 2 123 23 387 393 384 633 401 406 408 725 801 918
556 11 2 123 23 39 627 15 628 799 951 950 811 952 817
557 11 2 123 23 623 628 627 639 703 817 815 755 691 735
558 11 2 123 23 100 113 390 632 169 922 953 954 925 926
559 11 2 123 23 7 507 505 626 549 550 548 759 741 740
560 11 2 123 23 260 261 244 630 314 295 311 884 642 716
561 11 2 123 23 390 383 100 632 419 955 953 925 954 956
562 11 2 123 23 444 449 454 634 485 476 471 771 848 948
563 11 2 123 23 119 112 109 631 187 228 236 938 659 658
564 11 2 123 23 260 570 573 630 883 618 957 884 958 641
565 11 2 123 23 14 13 444 638 17 467 468 705 751 893
566 11 2 123 23 447 448 444 638 489 488 491 932 751 933
567 11 2 123 23 119 114 629 631 190 841 937 938 679 842
568 11 2 123 23 513 123 6 626 853 921 547 854 845 761
569 11 2 123 23 243 451 443 634 959 496 765 766 767 960
570 11 2 123 23 566 636 259 637 961 945 889 890 822 887
571 11 2 123 23 260 265 247 630 321 319 323 884 764 763
572 11 2 123 23 7 626 6 630 759 845 10 699 846 695
573 11 2 123 23 245 268 269 628 363 364 360 849 850 895
574 11 2 123 23 390 120 394 629 947 879 424 924 882 881
575 11 2 123 23 448 634 625 637 901 826 900 912 792 769
576 11 2 123 23 35 626 116 639 693 885 184 795 886 720
577 11 2 123 23 100 125 113 632 168 163 169 954 926 935
578 11 2 123 23 628 634 263 635 772 962 963 732 964 828
579 11 2 123 23 267 254 261 635 279 276 281 965 936 651
580 11 2 123 23 110 108 122 640 231 229 230 859 906 711
581 11 2 123 23 385 394 506 629 427 913 966 967 911 882
582 11 2 123 23 564 568 625 638 603 731 790 941 786 760
583 11 2 123 23 514 504 387 629 520 724 968 969 743 742
584 11 2 123 23 114 506 102 629 910 914 139 841 880 911
585 11 2 123 23 111 112 125 632 198 186 196 682 935 675
586 11 2 123 23 503 509 511 631 558 559 560 928 843 831
587 11 2 123 23 260 573 265 630 957 970 321 884 763 958
588 11 2 123 23 573 6 265 630 599 875 970 958 763 846
589 11 2 123 23 108 101 116 639 220 226 233 688 886 829
590 11 2 123 23 446 248 269 634 971 361 929 931 852 920
591 11 2 123 23 564 567 568 638 601 602 603 941 760 752
592 11 2 123 23 118 103 123 640 176 174 175 972 836 835
593 11 2 123 23 35 116 36 639 184 225 42 795 823 886
594 11 2 123 23 626 630 623 639 695 700 758 720 755 783
595 11 2 123 23 564 568 569 625 603 580 591 790 865 731
596 11 2 123 23 267 256 241 635 309 307 305 965 780 856
597 11 2 123 23 445 448 447 637 463 489 490 864 793 912
598 11 2 123 23 569 625 568 636 865 731 580 915 672 655
599 11 2 123 23 105 121 104 627 149 150 148 867 662 673
600 11 2 123 23 386 15 126 627 398 949 894 685 797 951
601 11 2 123 23 504 507 512 633 532 533 530 726 904 787
602 11 2 123 23 242 259 566 636 325 889 973 944 961 945
603 11 2 123 23 571 242 566 636 974 973 611 975 961 944
604 11 2 123 23 570 568 565 630 582 604 614 641 891 671
605 11 2 123 23 117 125 112 629 164 186 185 976 680 934
606 11 2 123 23 114 102 117 629 139 191 189 841 976 880
607 11 2 123 23 514 385 506 629 977 966 526 969 911 967
608 11 2 123 23 271 628 263 635 734 963 332 733 964 732
609 11 2 123 23 514 387 385 629 968 422 977 969 967 743
610 11 2 123 23 503 114 99 631 927 227 978 928 979 842
611 11 2 123 23 506 114 102 511 910 139 914 539 980 839
612 11 2 123 23 255 252 257 636 272 282 283 648 876 873
613 11 2 123 23 117 112 119 629 185 187 188 976 937 680
614 11 2 123 23 446 269 268 628 929 364 981 930 895 850
615 11 2 123 23 119 114 117 629 190 189 188 937 976 841
616 11 2 123 23 103 122 116 626 180 182 183 762 885 905
617 11 2 123 23 445 566 453 637 982 942 466 864 909 890
618 11 2 123 23 117 113 125 629 165 163 164 976 934 923
619 11 2 123 23 503 99 510 631 978 983 552 928 984 979
620 11 2 123 23 117 120 113 629 166 167 165 976 923 881
621 11 2 123 23 102 120 117 629 161 166 191 880 976 881
622 11 2 123 23 243 251 249 634 371 356 377 766 898 824
623 11 2 123 23 448 450 443 637 461 456 460 912 768 838
624 11 2 123 23 8 13 633 638 985 892 857 832 784 893
625 11 2 123 23 35 103 116 626 181 183 184 693 885 762
626 11 2 123 23 506 511 509 629 539 559 525 911 830 840
627 11 2 123 23 445 574 566 637 863 586 982 864 890 803
628 11 2 123 23 39 15 268 628 950 986 374 811 895 952
629 11 2 123 23 257 251 264 637 290 289 287 919 946 825
630 11 2 123 23 267 261 630 635 281 716 987 965 652 936
631 11 2 123 23 245 270 268 628 359 362 363 849 895 810
632 11 2 123 23 451 248 446 634 988 971 480 960 931 920
633 11 2 123 23 263 634 253 635 962 871 335 964 872 828
634 11 2 123 23 256 247 35 630 339 340 337 794 694 764
635 11 2 123 23 267 630 256 635 987 794 309 965 856 652
636 11 2 123 23 243 248 451 634 378 988 959 766 960 920
637 11 2 123 23 122 626 103 640 905 762 180 906 835 714
638 11 2 123 23 513 626 505 640 854 741 543 855 785 714
639 11 2 123 23 253 252 254 635 278 274 277 872 651 814
640 11 2 123 23 8 572 452 638 609 989 990 832 991 992
641 11 2 123 23 8 452 13 638 990 472 985 832 893 991
642 11 2 123 23 115 510 99 631 993 983 209 994 979 984
643 11 2 123 23 129 383 391 632 995 437 996 997 718 956
644 11 2 123 23 245 263 628 634 348 963 849 851 772 962
645 11 2 123 23 7 6 565 630 10 596 597 699 891 846
646 11 2 123 23 114 503 99 511 927 978 227 839 998 560
647 11 2 123 23 129 391 107 632 996 717 214 997 663 718
648 11 2 123 23 257 264 636 637 287 943 876 919 887 946
649 11 2 123 23 271 250 263 628 333 331 332 734 963 870
650 11 2 123 23 8 507 7 633 562 549 11 857 777 787
651 11 2 123 23 513 118 123 640 999 175 853 855 836 972
652 11 2 123 23 37 105 38 627 204 205 44 869 862 867
653 11 2 123 23 105 627 37 639 867 869 204 868 819 691
654 11 2 123 23 449 628 454 634 1000 749 476 948 848 772
655 11 2 123 23 569 636 566 637 915 961 588 866 890 887
656 11 2 123 23 127 105 104 627 152 148 151 798 662 867
657 11 2 123 23 384 389 388 632 412 413 414 745 800 721
658 11 2 123 23 242 571 566 259 974 611 973 325 889 1001
659 11 2 123 23 242 77 571 259 346 613 974 325 1001 345
660 11 2 123 23 446 451 269 248 480 1002 929 971 361 988
661 11 2 123 23 14 15 627 628 18 951 816 702 817 952
662 11 2 123 23 246 259 264 637 326 324 327 821 946 822
663 11 2 123 23 510 631 115 640 984 994 993 1003 1004 710
664 11 2 123 23 8 393 512 633 1005 917 561 857 904 918
665 11 2 123 23 8 13 393 633 985 407 1005 857 918 892
666 11 2 123 23 388 390 629 632 417 924 776 800 681 925
667 11 2 123 23 263 249 253 634 353 354 335 962 871 898
668 11 2 123 23 270 250 38 628 358 357 372 810 812 870
669 11 2 123 23 446 628 449 634 930 1000 477 931 948 772
670 11 2 123 23 443 450 49 258 456 457 455 833 297 837
671 11 2 123 23 129 107 121 632 214 156 215 997 674 663
672 11 2 123 23 450 246 258 637 1006 329 837 838 834 821
673 11 2 123 23 570 565 573 630 614 600 618 641 958 891
674 11 2 123 23 503 89 99 511 557 207 978 560 998 537
675 11 2 123 23 385 387 388 629 422 415 416 967 776 743
676 11 2 123 23 574 569 566 637 587 588 586 803 890 866
677 11 2 123 23 384 13 14 633 405 17 430 801 805 892
678 11 2 123 23 88 503 99 510 553 978 208 516 983 552
679 11 2 123 23 127 38 105 627 206 205 152 798 867 862
680 11 2 123 23 256 267 261 630 309 281 338 794 716 987
681 11 2 123 23 8 393 1 512 1005 403 12 561 555 917
682 11 2 123 23 452 8 1 572 990 12 474 989 620 609
683 11 2 123 23 393 8 1 13 1005 12 403 407 16 985
684 11 2 123 23 8 452 1 13 990 474 12 985 16 472
685 11 2 123 23 243 443 49 258 765 455 299 298 297 833
686 11 2 123 23 514 509 504 629 521 522 520 969 742 830
687 11 2 123 23 386 392 15 627 440 433 398 685 951 730
688 11 2 123 23 451 446 449 634 480 477 479 960 948 931
689 11 2 123 23 245 248 263 634 350 351 348 851 962 920
690 11 2 123 23 449 448 443 634 487 460 486 948 767 901
691 11 2 123 23 446 268 15 628 981 986 478 930 952 895
692 11 2 123 23 89 114 99 511 136 227 207 537 998 839
693 11 2 123 23 446 454 449 628 475 476 477 930 1000 749
694 11 2 123 23 6 505 513 626 546 543 547 845 854 741
695 11 2 123 23 390 394 385 629 424 427 418 924 967 882
696 11 2 123 23 451 449 443 634 479 486 496 960 767 948
697 11 2 123 23 115 88 99 510 130 208 209 993 983 516
698 11 2 123 23 570 75 563 244 585 584 583 643 808 313
699 11 2 123 23 506 124 394 22 939 940 913 528 429 1007
700 11 2 123 23 453 266 566 29 907 888 942 499 590 1008
701 11 2 123 23 119 99 114 631 237 227 190 938 842 979
702 11 2 123 23 75 262 563 244 315 896 584 313 808 294
703 11 2 123 23 260 247 261 630 323 341 314 884 716 764
704 11 2 123 23 453 246 450 637 908 1006 464 909 838 821
705 11 2 123 23 6 573 565 630 599 600 596 846 891 958
706 11 2 123 23 392 14 15 627 431 18 433 730 951 816
707 11 2 123 23 445 453 566 29 466 942 982 492 590 499
708 11 2 123 23 385 506 394 22 966 913 427 428 429 528
709 11 2 123 23 111 129 121 632 197 215 216 682 674 997
710 11 2 123 23 7 505 6 626 548 546 10 759 845 741
711 11 2 123 23 262 571 563 636 1009 575 896 897 809 975
712 11 2 123 23 389 391 383 632 441 437 421 721 956 718
713 11 2 123 23 564 447 572 638 788 1010 610 941 992 932
714 11 2 123 23 385 514 506 22 977 526 966 428 528 527
715 11 2 123 23 114 90 102 511 135 138 139 839 980 538
716 11 2 123 23 242 571 262 636 974 1009 292 944 897 975
717 11 2 123 23 110 119 109 631 235 236 234 858 659 938
718 11 2 123 23 574 445 566 29 863 982 586 589 590 492
719 11 2 123 23 571 77 566 259 613 612 611 1001 889 345
720 11 2 123 23 100 383 129 632 955 995 194 954 997 956
721 11 2 123 23 563 262 76 571 896 366 579 575 578 1009
722 11 2 123 23 129 63 391 383 212 409 996 995 437 436
723 11 2 123 23 447 452 572 638 501 989 1010 932 992 991
724 11 2 123 23 451 50 243 443 497 300 959 496 765 459
725 11 2 123 23 107 64 128 391 192 141 154 717 1011 410
726 11 2 123 23 262 242 76 571 292 367 366 1009 578 974
727 11 2 123 23 263 250 245 628 331 349 348 963 849 870
728 11 2 123 23 385 388 390 629 416 417 418 967 924 776
729 11 2 123 23 48 450 246 258 458 1006 370 296 329 837
730 11 2 123 23 388 383 390 632 420 419 417 800 925 956
731 11 2 123 23 571 566 569 636 611 588 576 975 915 961
732 11 2 123 23 110 115 631 640 232 994 858 859 710 1004
733 11 2 123 23 14 454 15 628 469 470 18 702 952 749
734 11 2 123 23 64 386 128 391 395 902 141 410 1011 411
735 11 2 123 23 118 87 115 640 132 131 134 972 1004 1012
736 11 2 123 23 101 105 37 639 202 204 203 829 819 868
737 11 2 123 23 271 263 253 635 332 335 334 733 872 964
738 11 2 123 23 264 258 246 637 328 329 327 946 821 834
739 11 2 123 23 261 247 256 630 341 339 338 716 794 764
740 11 2 123 23 264 251 258 637 289 330 328 946 834 825
741 11 2 123 23 245 250 270 628 349 358 359 849 810 870
742 11 2 123 23 510 508 631 640 545 813 984 1003 710 748
743 11 2 123 23 386 107 128 391 684 154 902 411 1011 717
744 11 2 123 23 110 115 99 631 232 209 238 858 979 994
745 11 2 123 23 50 451 243 248 497 959 300 379 378 988
746 11 2 123 23 100 390 62 383 953 434 170 955 435 419
747 11 2 123 23 115 87 510 640 131 515 993 1004 1003 1012
748 11 2 123 23 506 509 514 629 525 521 526 911 969 830
749 11 2 123 23 242 257 264 636 286 287 288 944 943 876
750 11 2 123 23 111 125 129 632 196 195 197 682 997 935
751 11 2 123 23 90 506 102 511 540 914 138 538 980 539
752 11 2 123 23 513 87 118 640 517 132 999 855 972 1012
753 11 2 123 23 447 445 574 28 490 863 802 494 594 493
754 11 2 123 23 503 508 509 631 554 534 558 928 831 813
755 11 2 123 23 122 103 118 640 180 176 179 906 972 835
756 11 2 123 23 120 390 61 113 947 425 173 167 172 922
757 11 2 123 23 260 74 570 244 310 617 883 311 643 312
758 11 2 123 23 243 249 248 634 377 352 378 766 920 898
759 11 2 123 23 503 510 508 631 552 545 554 928 813 984
760 11 2 123 23 514 385 387 21 977 422 968 523 404 442
761 11 2 123 23 63 129 100 383 212 194 213 436 955 995
762 11 2 123 23 100 390 113 62 953 922 169 170 171 434
763 11 2 123 23 451 51 269 248 484 381 1002 988 361 380
764 11 2 123 23 513 510 87 640 518 515 517 855 1012 1003
765 11 2 123 23 453 48 450 246 465 458 464 908 1006 370
766 11 2 123 23 564 447 574 28 788 802 592 593 594 494
767 11 2 123 23 267 253 254 635 280 277 279 965 651 872
768 11 2 123 23 8 567 572 638 607 608 609 832 992 752
769 11 2 123 23 504 514 387 21 520 968 724 524 404 523
770 11 2 123 23 447 564 572 27 788 610 1010 495 622 621
771 11 2 123 23 444 13 452 638 467 472 473 751 991 893
772 11 2 123 23 504 20 387 512 529 402 724 530 903 531
773 11 2 123 23 100 129 125 632 194 195 168 954 935 997
774 11 2 123 23 447 572 452 27 1010 989 501 495 502 622
775 11 2 123 23 36 37 241 639 43 303 306 823 782 819
776 11 2 123 23 387 20 393 512 402 400 401 903 917 531
777 11 2 123 23 563 569 568 636 577 580 581 809 672 915
778 11 2 123 23 34 2 6 265 40 9 844 316 875 317
779 11 2 123 23 101 36 116 639 224 225 226 829 886 823
780 11 2 123 23 39 268 15 3 374 986 950 46 19 373
781 11 2 123 23 120 390 394 61 947 424 879 173 423 425
782 11 2 123 23 263 248 249 634 351 352 353 962 898 920
783 11 2 123 23 34 2 123 6 40 211 177 844 921 9
784 11 2 123 23 126 39 15 3 239 950 949 144 19 46
785 11 2 123 23 51 446 451 269 483 480 484 381 1002 929
786 11 2 123 23 446 15 454 628 478 470 475 930 749 952
787 11 2 123 23 271 267 241 635 304 305 302 733 780 965
788 11 2 123 23 447 444 452 638 491 473 501 932 991 751
789 11 2 123 23 129 63 107 391 212 193 214 996 717 409
790 11 2 123 23 110 99 119 631 238 237 235 858 938 979
791 11 2 123 23 393 13 384 633 407 405 406 918 801 892
792 11 2 123 23 110 122 115 640 230 223 232 859 1004 906
793 11 2 123 23 74 260 570 573 310 883 617 619 618 957
794 11 2 123 23 567 564 572 638 601 610 608 752 992 941
795 11 2 123 23 8 512 507 633 561 533 562 857 787 904
796 11 2 123 23 262 255 257 636 285 283 284 897 876 648
797 11 2 123 23 510 505 508 640 542 544 545 1003 748 785
798 11 2 123 23 388 389 383 632 413 421 420 800 956 721
799 11 2 123 23 115 88 510 87 130 516 993 131 515 94
800 11 2 123 23 450 48 49 258 458 55 457 837 297 296
801 11 2 123 23 450 448 445 637 461 463 462 838 864 912
802 11 2 123 23 564 447 28 27 788 494 593 621 31 495
803 11 2 123 23 20 504 387 21 529 724 402 24 404 524
804 11 2 123 23 262 75 563 76 315 584 896 366 579 82
805 11 2 123 23 503 89 88 99 557 95 553 978 208 207
806 11 2 123 23 570 74 75 244 617 81 585 643 313 312
807 11 2 123 23 506 91 124 22 541 146 939 528 1007 551
808 11 2 123 23 266 566 29 78 888 590 1008 344 616 615
809 11 2 123 23 76 242 77 571 367 346 83 578 613 974
810 11 2 123 23 253 267 271 635 280 304 334 872 733 965
811 11 2 123 23 262 257 242 636 284 286 292 897 944 876
812 11 2 123 23 52 446 268 15 481 981 375 482 986 478
813 11 2 123 23 390 61 113 62 425 172 922 434 171 68
814 11 2 123 23 563 571 569 636 575 576 577 809 915 975
815 11 2 123 23 50 243 443 49 300 765 459 56 455 299
816 11 2 123 23 126 386 65 15 894 396 142 949 397 398
817 11 2 123 23 445 453 450 637 466 464 462 864 838 909
818 11 2 123 23 566 266 259 78 888 343 889 615 342 344
819 11 2 123 23 50 51 451 248 57 484 497 379 988 380
820 11 2 123 23 122 118 115 640 179 134 223 906 1004 972
821 11 2 123 23 114 89 90 511 136 96 135 839 538 537
822 11 2 123 23 101 37 36 639 203 43 224 829 823 819
823 11 2 123 23 126 386 128 65 894 902 143 142 140 396
824 11 2 123 23 65 126 15 3 142 949 397 72 19 144
825 11 2 123 23 86 513 123 6 519 853 210 556 921 547
826 11 2 123 23 91 4 124 22 98 145 146 551 1007 26
827 11 2 123 23 2 86 123 6 92 210 211 9 921 556
828 11 2 123 23 5 266 29 78 365 1008 33 85 616 344
829 11 2 123 23 446 52 268 269 481 375 981 929 364 382
830 11 2 123 23 268 52 15 3 375 482 986 373 19 59
831 11 2 123 23 124 60 394 22 147 426 940 1007 429 399
832 11 2 123 23 266 453 47 29 907 498 368 1008 500 499
833 11 2 123 23 5 266 47 29 365 368 53 33 500 1008
834 11 2 123 23 4 60 124 22 66 147 145 26 1007 399
835 11 2 123 23 2 73 6 265 79 595 9 317 875 320
836 11 2 123 23 73 573 6 265 598 599 595 320 875 970
837 11 2 123 23 91 506 124 102 541 939 146 137 159 914
838 11 2 123 23 572 1 452 27 620 474 989 622 502 30
839 11 2 123 23 20 1 393 512 23 403 400 531 917 555
840 11 2 123 23 513 505 510 640 543 542 518 855 1003 785
841 11 2 123 23 107 63 64 391 193 70 192 717 410 409
842 11 2 123 23 63 100 62 383 213 170 69 436 435 955
843 11 2 123 23 385 514 22 21 977 527 428 442 25 523
844 11 2 123 23 445 574 28 29 863 594 493 492 32 589
845 11 2 123 23 77 566 259 78 612 889 345 84 342 615
846 11 2 123 23 513 118 86 123 999 133 519 853 210 175
847 11 2 123 23 266 453 246 47 907 908 347 368 369 498
848 11 2 123 23 91 90 506 102 97 540 541 137 914 138
849 11 2 123 23 386 64 128 65 395 141 902 396 140 71
850 11 2 123 23 124 60 120 394 147 162 160 940 879 426
851 11 2 123 23 118 513 86 87 999 519 133 132 93 517
852 11 2 123 23 73 260 573 265 322 957 598 320 970 321
853 11 2 123 23 51 52 446 269 58 481 483 381 929 382
854 11 2 123 23 453 48 246 47 465 370 908 498 369 54
855 11 2 123 23 60 120 394 61 162 879 426 67 423 173
856 11 2 123 23 73 260 74 573 322 310 80 598 619 957
$EndElements
